1.886274 2.109830
1.871445 2.125357
1.840084 2.158701
1.825493 2.174453
1.794932 2.207951
1.780578 2.223926
1.750820 2.257545
1.736701 2.273739
1.707749 2.307446
1.693862 2.323858
1.665716 2.357621
1.652061 2.374247
1.624719 2.408034
1.611293 2.424873
1.584752 2.458653
1.571553 2.475703
1.545809 2.509447
1.532836 2.526704
1.507882 2.560384
1.495132 2.577847
1.470962 2.611434
1.458433 2.629100
1.435037 2.662569
1.422728 2.680436
1.400097 2.713762
1.388006 2.731827
1.366128 2.764987
1.354253 2.783248
1.333117 2.816218
1.321456 2.834673
1.301049 2.867432
1.289600 2.886078
1.269908 2.918608
1.258669 2.937442
1.239679 2.969723
1.228649 2.988744
1.210346 3.020758
1.199522 3.039963
1.181890 3.071695
1.171271 3.091081
1.154295 3.122516
1.143879 3.142081
1.127543 3.173204
1.117328 3.192947
1.101616 3.223746
1.091599 3.243663
1.076494 3.274127
1.066675 3.294216
1.052161 3.324333
1.042537 3.344592
1.028598 3.374355
1.019167 3.394781
1.005786 3.424179
0.996547 3.444770
0.983706 3.473798
0.974657 3.494551
0.962341 3.523201
0.953479 3.544114
0.941672 3.572380
0.932996 3.593452
0.921681 3.621329
0.913189 3.642556
0.902350 3.670041
0.894040 3.691421
0.883662 3.718510
0.875532 3.740040
0.865599 3.766732
0.857647 3.788410
0.848143 3.814700
0.840369 3.836524
0.831279 3.862413
0.823679 3.884380
0.814990 3.909866
0.807563 3.931975
0.799259 3.957057
0.792002 3.979304
0.784070 4.003984
0.776983 4.026367
0.769409 4.050645
0.762488 4.073162
0.755259 4.097038
0.748503 4.119686
0.741605 4.143162
0.735014 4.165940
0.728435 4.189018
0.722004 4.211922
0.715732 4.234604
0.709461 4.257633
0.703484 4.279921
0.697371 4.303071
0.691677 4.324969
0.685719 4.348239
0.680297 4.369748
0.674494 4.393135
0.669333 4.414259
0.663682 4.437761
0.658772 4.458503
0.653271 4.482117
0.648601 4.502481
0.643248 4.526205
0.638810 4.546195
0.633603 4.570026
0.629386 4.589645
0.624324 4.613582
0.620318 4.632833
0.615399 4.656873
0.611597 4.675761
0.606819 4.699901
0.603211 4.718431
0.598572 4.742669
0.595151 4.760843
0.590648 4.785177
0.587405 4.803001
0.583038 4.827427
0.579966 4.844905
0.575732 4.869422
0.572824 4.886557
0.568721 4.911163
0.565970 4.927960
0.561996 4.952652
0.559394 4.969115
0.555548 4.993890
0.553089 5.010023
0.549369 5.034880
0.547046 5.050688
0.543450 5.075624
0.541258 5.091111
0.537784 5.116123
0.535717 5.131292
0.532363 5.156379
0.530414 5.171236
0.527178 5.196394
0.525343 5.210942
0.522224 5.236169
0.520497 5.250412
0.517492 5.275707
0.515869 5.289649
0.512977 5.315008
0.511452 5.328654
0.508670 5.354075
0.507240 5.367428
0.504567 5.392909
0.503225 5.405973
0.500659 5.431511
0.499403 5.444290
0.496942 5.469883
0.495767 5.482380
0.493410 5.508026
0.492312 5.520245
0.490055 5.545941
0.489031 5.557886
0.486874 5.583630
0.485919 5.595304
0.483859 5.621094
0.482970 5.632501
0.481007 5.658333
0.480181 5.669476
0.478311 5.695349
0.477545 5.706230
0.475767 5.732142
0.475057 5.742766
0.473369 5.768713
0.472712 5.779082
0.471113 5.805063
0.470507 5.815181
0.468994 5.841193
0.468436 5.851062
0.467007 5.877102
0.466494 5.886725
0.465148 5.912792
0.464678 5.922172
0.463412 5.948263
0.462983 5.957402
0.461796 5.983515
0.461404 5.992416
0.460294 6.018547
0.459939 6.027213
0.458904 6.053361
0.458582 6.061794
0.457620 6.087957
0.457329 6.096158
0.456439 6.122333
0.456178 6.130306
0.455357 6.156490
0.455124 6.164236
0.454370 6.190427
0.454163 6.197949
0.453475 6.224145
0.453292 6.231444
0.452667 6.257643
0.452507 6.264721
0.451944 6.290919
0.451805 6.297778
0.451302 6.323974
0.451182 6.330615
0.450737 6.356807
0.450635 6.363232
0.450247 6.389416
0.450161 6.395626
0.449827 6.421801
0.449757 6.427798
0.449475 6.453961
0.449419 6.459746
0.449188 6.485895
0.449143 6.491468
0.448961 6.517600
0.448929 6.522964
0.448793 6.549077
0.448771 6.554232
0.448680 6.580324
0.448667 6.585270
0.448620 6.611338
0.448615 6.616077
0.448609 6.642119
0.448611 6.646651
0.448644 6.672664
0.448653 6.676990
0.448723 6.702972
0.448737 6.707095
0.448843 6.733044
0.448862 6.737034
0.449003 6.762948
0.449027 6.766875
0.449201 6.792755
0.449229 6.796619
0.449436 6.822466
0.449469 6.826269
0.449709 6.852082
0.449746 6.855823
0.450017 6.881603
0.450058 6.885281
0.450361 6.911029
0.450406 6.914644
0.450739 6.940359
0.450787 6.943911
0.451150 6.969595
0.451202 6.973082
0.451594 6.998735
0.451649 7.002158
0.452070 7.027779
0.452127 7.031138
0.452577 7.056729
0.452637 7.060022
0.453114 7.085583
0.453176 7.088811
0.453680 7.114341
0.453744 7.117504
0.454275 7.143005
0.454341 7.146101
0.454897 7.171573
0.454964 7.174603
0.455615 7.203009
0.456291 7.231319
0.456992 7.259534
0.457717 7.287653
0.458465 7.315677
0.459236 7.343605
0.460029 7.371437
0.460842 7.399175
0.461676 7.426817
0.462528 7.454364
0.463400 7.481815
0.464289 7.509172
0.465195 7.536433
0.466117 7.563600
0.467055 7.590672
0.468007 7.617649
0.468973 7.644531
0.469952 7.671319
0.470943 7.698013
0.471946 7.724612
0.472960 7.751117
0.473985 7.777528
0.475018 7.803845
0.476060 7.830068
0.477110 7.856198
0.478168 7.882235
0.479232 7.908178
0.480301 7.934028
0.481376 7.959785
0.482455 7.985449
0.483538 8.011021
0.484624 8.036500
0.485713 8.061887
0.486803 8.087182
0.487894 8.112386
0.488985 8.137497
0.490076 8.162518
0.491166 8.187447
0.492255 8.212285
0.493341 8.237033
0.494425 8.261690
0.495504 8.286242
0.497654 8.335168
0.499784 8.383751
0.501887 8.431980
0.503960 8.479855
0.505997 8.527379
0.507994 8.574555
0.509947 8.621386
0.511852 8.667873
0.513704 8.714020
0.515499 8.759830
0.517234 8.805306
0.518903 8.850449
0.520505 8.895265
0.522034 8.939756
0.523487 8.983926
0.524861 9.027778
0.526153 9.071315
0.527359 9.114542
0.528476 9.157463
0.529500 9.200081
0.530429 9.242401
0.531261 9.284427
0.531991 9.326163
0.532617 9.367614
0.533137 9.408785
0.533548 9.449680
0.533847 9.490305
0.534032 9.530665
0.534100 9.570764
0.534050 9.610609
0.533878 9.650204
0.533583 9.689556
0.533162 9.728670
0.532614 9.767554
0.531932 9.806363
0.531110 9.845529
0.530145 9.885360
0.529040 9.925883
0.527800 9.967097
0.526431 10.008997
0.524937 10.051582
0.523325 10.094848
0.521602 10.138792
0.519773 10.183412
0.517847 10.228706
0.515831 10.274669
0.513732 10.321300
0.511560 10.368596
0.509322 10.416555
0.507029 10.465175
0.504690 10.514452
0.502314 10.564385
0.501112 10.589674
0.499905 10.615126
0.498695 10.640740
0.497481 10.666517
0.496267 10.692457
0.495053 10.718559
0.493842 10.744823
0.492633 10.771248
0.491429 10.797835
0.490232 10.824584
0.489042 10.851494
0.487862 10.878564
0.486693 10.905796
0.485537 10.933188
0.484394 10.960740
0.483268 10.988453
0.482159 11.016326
0.481070 11.044358
0.480114 11.069529
0.480001 11.072551
0.479071 11.097732
0.478956 11.100902
0.478052 11.126093
0.477934 11.129414
0.477058 11.154614
0.476939 11.158084
0.476092 11.183294
0.475972 11.186913
0.475155 11.212133
0.475035 11.215902
0.474249 11.241131
0.474129 11.245048
0.473376 11.270287
0.473258 11.274354
0.472538 11.299602
0.472421 11.303818
0.471737 11.329075
0.471622 11.333440
0.470975 11.358707
0.470863 11.363220
0.470253 11.388496
0.470144 11.393158
0.469574 11.418443
0.469469 11.423254
0.468939 11.448548
0.468839 11.453507
0.468350 11.478810
0.468256 11.483917
0.467811 11.509230
0.467723 11.514485
0.467321 11.539807
0.467241 11.545210
0.466885 11.570540
0.466812 11.576091
0.466503 11.601431
0.466439 11.607129
0.466178 11.632477
0.466123 11.638324
0.465912 11.663680
0.465868 11.669674
0.465707 11.695040
0.465674 11.701181
0.465565 11.726555
0.465544 11.732843
0.465488 11.758226
0.465481 11.764661
0.465479 11.790052
0.465486 11.796633
0.465540 11.822033
0.465562 11.828761
0.465673 11.854169
0.465711 11.861044
0.465881 11.886460
0.465936 11.893481
0.466165 11.918906
0.466238 11.926072
0.466528 11.951505
0.466620 11.958817
0.466972 11.984258
0.467084 11.991716
0.467500 12.017165
0.467633 12.024767
0.468114 12.050224
0.468270 12.057972
0.468816 12.083437
0.468995 12.091329
0.469608 12.116802
0.469813 12.124838
0.470494 12.150319
0.470724 12.158498
0.471476 12.183987
0.471733 12.192310
0.472555 12.217807
0.472840 12.226273
0.473735 12.251777
0.474050 12.260386
0.475018 12.285898
0.475363 12.294649
0.476407 12.320169
0.476784 12.329061
0.477903 12.354588
0.478313 12.363623
0.479510 12.389157
0.479955 12.398332
0.481230 12.423874
0.481710 12.433189
0.483066 12.458739
0.483583 12.468194
0.485020 12.493750
0.485575 12.503345
0.487095 12.528909
0.487689 12.538641
0.489293 12.564213
0.489928 12.574083
0.491617 12.599662
0.492294 12.609670
0.494069 12.635255
0.494790 12.645400
0.496653 12.670993
0.497419 12.681274
0.499371 12.706873
0.500183 12.717289
0.502226 12.742895
0.503086 12.753446
0.505219 12.779059
0.506128 12.789743
0.508355 12.815363
0.509314 12.826180
0.511635 12.851807
0.512646 12.862756
0.515062 12.888389
0.516127 12.899470
0.518640 12.925110
0.519759 12.936320
0.522370 12.961966
0.523546 12.973306
0.526255 12.998959
0.527519 13.010703
0.530331 13.036360
0.531901 13.050381
0.534834 13.076028
0.536839 13.093122
0.539917 13.118736
0.542415 13.138939
0.545663 13.164500
0.548724 13.187854
0.552166 13.213341
0.555874 13.239899
0.559535 13.265291
0.563987 13.295112
0.567891 13.320388
0.573201 13.353539
0.577372 13.378677
0.583670 13.415231
0.588133 13.440212
0.595565 13.480244
0.600344 13.505045
0.609079 13.548635
0.614199 13.573236
0.624424 13.620461
0.629909 13.644840
0.641835 13.695774
0.647709 13.719910
0.661570 13.774619
0.667858 13.798491
0.683911 13.857030
0.690637 13.880618
0.709166 13.943024
0.716355 13.966306
0.737667 14.032594
0.745343 14.055549
0.769770 14.125704
0.777957 14.148311
0.805851 14.222279
0.814574 14.244518
0.846305 14.322201
0.855588 14.344050
0.891536 14.425295
0.901404 14.446732
0.941955 14.531323
0.952432 14.552329
0.997965 14.639978
1.009075 14.660531
1.059949 14.750873
1.071717 14.770951
1.128256 14.863538
1.140707 14.883122
1.203186 14.977420
1.216343 14.996488
1.284967 15.091883
1.298855 15.110413
1.373739 15.206215
1.388383 15.224186
1.469369 15.319451
1.484788 15.336841
1.569223 15.428180
1.585361 15.444928
1.671742 15.530999
1.688481 15.547013
1.777845 15.629112
1.795064 15.644301
1.888773 15.723610
1.906352 15.737880
2.006081 15.815415
2.023899 15.828676
2.131729 15.905289
2.149667 15.917448
2.268212 15.993798
2.286149 16.004763
2.418733 16.081235
2.436549 16.090914
2.587436 16.167457
2.605010 16.175758
2.779692 16.251579
2.796906 16.258410
3.002408 16.331431
3.019139 16.336700
3.264221 16.402618
3.280350 16.406232
3.575258 16.457019
3.590665 16.458887
3.945664 16.480687
3.960228 16.480716
4.381224 16.451888
4.394826 16.449989
4.626515 16.408306
4.854223 16.348586
4.866812 16.344750
5.088456 16.267626
5.303393 16.173412
5.315021 16.167764
5.696401 15.946461
5.707127 15.939133
6.018701 15.694611
6.028588 15.685737
6.270768 15.441920
6.279875 15.431634
6.462110 15.204508
6.470499 15.192944
6.605135 14.990595
6.612867 14.977886
6.711486 14.802852
6.718621 14.789132
6.790644 14.640837
6.797244 14.626241
6.849802 14.502710
6.855927 14.487370
6.894210 14.386233
6.899921 14.370283
6.927626 14.289286
6.932984 14.272861
6.952796 14.209772
6.957860 14.193001
6.973533 14.139295
6.978335 14.122248
6.992395 14.070582
6.996941 14.053265
7.009594 14.003334
7.013889 13.985750
7.025247 13.937534
7.029295 13.919689
7.039463 13.873163
7.043268 13.855060
7.052343 13.810194
7.055910 13.791838
7.063985 13.748598
7.067319 13.729994
7.074479 13.688343
7.077582 13.669494
7.083907 13.629393
7.086785 13.610304
7.092348 13.571713
7.095006 13.552388
7.099876 13.515264
7.102317 13.495708
7.106556 13.460010
7.108785 13.440225
7.112452 13.405910
7.114474 13.385902
7.117622 13.352927
7.119440 13.332700
7.122119 13.301023
7.123739 13.280581
7.125993 13.250160
7.127418 13.229508
7.129291 13.200301
7.130526 13.179443
7.132054 13.151412
7.133103 13.130352
7.134322 13.103457
7.135190 13.082199
7.136132 13.056402
7.136823 13.034951
7.137518 13.010216
7.138036 12.988576
7.138510 12.964867
7.138861 12.943042
7.139139 12.920325
7.139326 12.898319
7.139431 12.876562
7.139458 12.854380
7.139412 12.833551
7.139284 12.811197
7.139104 12.791265
7.138825 12.768743
7.138529 12.749681
7.138104 12.726995
7.137708 12.708773
7.137141 12.685928
7.136659 12.668522
7.135955 12.645521
7.135400 12.628904
7.134563 12.605753
7.133948 12.589901
7.132982 12.566604
7.132318 12.551495
7.131228 12.528055
7.130524 12.513667
7.129314 12.490089
7.128580 12.476401
7.127255 12.452689
7.126500 12.439682
7.125063 12.415841
7.124294 12.403495
7.122750 12.379529
7.121974 12.367828
7.120328 12.343741
7.119551 12.332668
7.117807 12.308463
7.117035 12.298002
7.115198 12.273686
7.114436 12.263822
7.112510 12.239397
7.111764 12.230117
7.109752 12.205588
7.109025 12.196878
7.106934 12.172250
7.106230 12.164097
7.104062 12.139373
7.103386 12.131767
7.101146 12.106952
7.100500 12.099882
7.098193 12.074980
7.097580 12.068435
7.095210 12.043450
7.094632 12.037422
7.092204 12.012359
7.091664 12.006837
7.089182 11.981700
7.088682 11.976678
7.086150 11.951471
7.085691 11.946942
7.083114 11.921669
7.082699 11.917625
7.080081 11.892291
7.079710 11.888725
7.077056 11.863334
7.076731 11.860243
7.073766 11.832176
7.070820 11.804526
7.067900 11.777291
7.065007 11.750458
7.062129 11.723863
7.059257 11.697410
7.056393 11.671098
7.053539 11.644927
7.050697 11.618898
7.047870 11.593038
7.042250 11.541633
7.036688 11.490685
7.031208 11.440313
7.025822 11.390523
7.020541 11.341319
7.015375 11.292708
7.010336 11.244697
7.005432 11.197293
7.000674 11.150504
6.996071 11.104340
6.991631 11.058810
6.987363 11.013925
6.983275 10.969695
6.979374 10.926132
6.975668 10.883249
6.972163 10.841057
6.968865 10.799571
6.965780 10.758805
6.962912 10.718772
6.960267 10.679489
6.957847 10.640970
6.955656 10.603232
6.953697 10.566292
6.951971 10.530166
6.950479 10.494872
6.949222 10.460428
6.948199 10.426852
6.947408 10.394162
6.946847 10.362378
6.946513 10.331519
6.946402 10.301603
6.946508 10.272651
6.946824 10.244681
6.947344 10.217713
6.948057 10.191766
6.948955 10.166860
6.950026 10.143013
6.951258 10.120244
6.952636 10.098570
6.954145 10.078010
6.955768 10.058578
6.957489 10.040292
6.959286 10.023166
6.961139 10.007213
6.963025 9.992445
6.964922 9.978872
6.966803 9.966503
6.967489 9.962345
6.971669 9.958940
6.976920 9.954786
6.982513 9.950489
6.988439 9.946067
6.994688 9.941539
7.001250 9.936922
7.008115 9.932232
7.015270 9.927487
7.022703 9.922703
7.030401 9.917895
7.038350 9.913079
7.046537 9.908268
7.054946 9.903478
7.063562 9.898721
7.072369 9.894012
7.081351 9.889361
7.090492 9.884781
7.099775 9.880284
7.109181 9.875879
7.118693 9.871577
7.128293 9.867387
7.137963 9.863318
7.147684 9.859378
7.157436 9.855574
7.167201 9.851914
7.176960 9.848402
7.186693 9.845045
7.196379 9.841847
7.206000 9.838813
7.215536 9.835944
7.224965 9.833245
7.234270 9.830716
7.243428 9.828359
7.252421 9.826174
7.261229 9.824160
7.269831 9.822317
7.278208 9.820641
7.286340 9.819131
7.294208 9.817783
7.301793 9.816592
7.309077 9.815554
7.316040 9.814661
7.322664 9.813907
7.328933 9.813285
7.334829 9.812786
7.340335 9.812400
7.345436 9.812118
7.350116 9.811929
7.354360 9.811821
7.358156 9.811781
7.361491 9.811797
7.364352 9.811854
7.366728 9.811939
7.368611 9.812035
7.369992 9.812128
7.370613 9.812180
7.370634 9.812184
7.371331 9.812334
7.372318 9.812564
7.373597 9.812882
7.375172 9.813301
7.377044 9.813829
7.379214 9.814479
7.381682 9.815258
7.384444 9.816178
7.387500 9.817247
7.390846 9.818473
7.394478 9.819867
7.398390 9.821435
7.402577 9.823185
7.407033 9.825125
7.411750 9.827260
7.416721 9.829597
7.421937 9.832141
7.427390 9.834898
7.433071 9.837871
7.438969 9.841065
7.445076 9.844483
7.451380 9.848127
7.457871 9.851999
7.464538 9.856102
7.471370 9.860435
7.478356 9.865000
7.485484 9.869797
7.492743 9.874824
7.500120 9.880081
7.507605 9.885566
7.515185 9.891276
7.522849 9.897209
7.530585 9.903362
7.538381 9.909730
7.546226 9.916311
7.554107 9.923098
7.562015 9.930088
7.569936 9.937274
7.577860 9.944651
7.585777 9.952211
7.593675 9.959950
7.601543 9.967858
7.609371 9.975930
7.617150 9.984156
7.624868 9.992529
7.632517 10.001041
7.640086 10.009683
7.647568 10.018444
7.654952 10.027317
7.662231 10.036292
7.669396 10.045358
7.676439 10.054506
7.683353 10.063724
7.690130 10.073004
7.696764 10.082333
7.703248 10.091701
7.709577 10.101097
7.715744 10.110511
7.721744 10.119929
7.727573 10.129342
7.733225 10.138737
7.738697 10.148103
7.743986 10.157429
7.749087 10.166703
7.753999 10.175914
7.758719 10.185049
7.763246 10.194097
7.767577 10.203048
7.771712 10.211889
7.775651 10.220609
7.779394 10.229198
7.782942 10.237644
7.786294 10.245938
7.789454 10.254068
7.792422 10.262024
7.795202 10.269797
7.797796 10.277377
7.800208 10.284755
7.802459 10.291980
7.804714 10.299589
7.807173 10.308322
7.809883 10.318454
7.812819 10.330015
7.815955 10.343029
7.819267 10.357517
7.822730 10.373495
7.826323 10.390975
7.830024 10.409967
7.833812 10.430478
7.837670 10.452511
7.841580 10.476067
7.845529 10.501147
7.849503 10.527747
7.853492 10.555863
7.857487 10.585490
7.861481 10.616621
7.865470 10.649248
7.869452 10.683363
7.873425 10.718957
7.877392 10.756021
7.881357 10.794545
7.885325 10.834520
7.889305 10.875935
7.893306 10.918781
7.897339 10.963049
7.901419 11.008728
7.905562 11.055811
7.909783 11.104270
7.916313 11.179620
7.918566 11.205580
7.920855 11.231882
7.923183 11.258526
7.925553 11.285510
7.927970 11.312834
7.930435 11.340497
7.932954 11.368498
7.935251 11.393783
7.935529 11.396835
7.937852 11.422124
7.938165 11.425510
7.940517 11.450800
7.940865 11.454519
7.943249 11.479812
7.943634 11.483863
7.946052 11.509157
7.946475 11.513542
7.948931 11.538835
7.949393 11.543553
7.951889 11.568846
7.952392 11.573897
7.954931 11.599189
7.955477 11.604573
7.958062 11.629863
7.958652 11.635579
7.961286 11.660867
7.961922 11.666916
7.964608 11.692201
7.965292 11.698582
7.968032 11.723863
7.968767 11.730576
7.971564 11.755853
7.972352 11.762898
7.975209 11.788170
7.976053 11.795547
7.978972 11.820814
7.979873 11.828522
7.982858 11.853783
7.983819 11.861823
7.986873 11.887076
7.987897 11.895447
7.991022 11.920693
7.992112 11.929395
7.995310 11.954633
7.996469 11.963665
7.999744 11.988895
8.000975 11.998257
8.004329 12.023477
8.005635 12.033169
8.009072 12.058379
8.010455 12.068400
8.013978 12.093599
8.015443 12.103948
8.019053 12.129137
8.020603 12.139814
8.024304 12.164990
8.025943 12.175995
8.029737 12.201159
8.031468 12.212490
8.035359 12.237640
8.037186 12.249297
8.041176 12.274433
8.043103 12.286415
8.047195 12.311537
8.049225 12.323842
8.053422 12.348949
8.055561 12.361577
8.059865 12.386668
8.062115 12.399617
8.066530 12.424691
8.068897 12.437960
8.073425 12.463018
8.075912 12.476605
8.080556 12.501645
8.083169 12.515549
8.087931 12.540571
8.090673 12.554790
8.095557 12.579792
8.098433 12.594324
8.103442 12.619307
8.106456 12.634150
8.111592 12.659113
8.114750 12.674265
8.120016 12.699206
8.123322 12.714665
8.128720 12.739585
8.132179 12.755347
8.137713 12.780245
8.141330 12.796308
8.147002 12.821183
8.150781 12.837545
8.156594 12.862396
8.160541 12.879053
8.166498 12.903880
8.170618 12.920829
8.176722 12.945632
8.181018 12.962869
8.187272 12.987646
8.191750 13.005167
8.198157 13.029918
8.202823 13.047720
8.209384 13.072444
8.214242 13.090523
8.220961 13.115220
8.226016 13.133571
8.232896 13.158239
8.238154 13.176858
8.245197 13.201498
8.250662 13.220379
8.257872 13.244989
8.263548 13.264128
8.270927 13.288708
8.276819 13.308099
8.284370 13.332649
8.290484 13.352286
8.298210 13.376805
8.304550 13.396683
8.312453 13.421170
8.319036 13.441321
8.327119 13.465774
8.334018 13.486393
8.342285 13.510803
8.349539 13.531965
8.357990 13.556321
8.365620 13.578043
8.374258 13.602333
8.382286 13.624631
8.391112 13.648844
8.399562 13.671735
8.408579 13.695859
8.417475 13.719361
8.426685 13.743386
8.436055 13.767516
8.445459 13.791429
8.455330 13.816205
8.464931 13.839995
8.475334 13.865436
8.485134 13.889092
8.496101 13.915216
8.506101 13.938727
8.517667 13.965552
8.527870 13.988906
8.540070 14.016451
8.550479 14.039637
8.563353 14.067920
8.573969 14.090926
8.587558 14.119967
8.598383 14.142781
8.612731 14.172597
8.623767 14.195209
8.638921 14.225817
8.650171 14.248216
8.666181 14.279633
8.677645 14.301806
8.694565 14.334049
8.706246 14.355986
8.724130 14.389069
8.736031 14.410758
8.754940 14.444695
8.767062 14.466124
8.787057 14.500927
8.799403 14.522085
8.820552 14.557763
8.833123 14.578640
8.855497 14.615201
8.868295 14.635784
8.891966 14.673232
8.904994 14.693510
8.930040 14.731848
8.943299 14.751809
8.969802 14.791033
8.983295 14.810666
9.011339 14.850769
9.025068 14.870063
9.054741 14.911032
9.068708 14.929977
9.100103 14.971794
9.114309 14.990376
9.147521 15.033018
9.161969 15.051227
9.197094 15.094660
9.211786 15.112484
9.248924 15.156668
9.263862 15.174097
9.303113 15.218983
9.318299 15.236004
9.359765 15.281534
9.375201 15.298136
9.418983 15.344238
9.434670 15.360411
9.480867 15.407004
9.496808 15.422735
9.545516 15.469725
9.561713 15.485003
9.613023 15.532283
9.629479 15.547096
9.683476 15.594545
9.700192 15.608883
9.756953 15.656365
9.773931 15.670216
9.833522 15.717583
9.850765 15.730935
9.913240 15.778024
9.930749 15.790866
9.996145 15.837499
10.013922 15.849820
10.082261 15.895807
10.100308 15.907596
10.171588 15.952737
10.189908 15.963981
10.264058 16.008037
10.282652 16.018726
10.358260 16.060751
10.377128 16.070886
10.452498 16.110003
10.471636 16.119595
10.546415 16.155786
10.565820 16.164848
10.639748 16.198162
10.659414 16.206706
10.732249 16.237218
10.752174 16.245258
10.823694 16.273060
10.843874 16.280609
10.913885 16.305813
10.934315 16.312883
11.002642 16.335614
11.023319 16.342218
11.089813 16.362610
11.110734 16.368761
11.175268 16.386955
11.196428 16.392666
11.258899 16.408809
11.280295 16.414092
11.340619 16.428330
11.362246 16.433200
11.420361 16.445680
11.442216 16.450148
11.498075 16.461016
11.520155 16.465094
11.573728 16.474490
11.596028 16.478192
11.647301 16.486250
11.669817 16.489590
11.718786 16.496441
11.741515 16.499430
11.788187 16.505196
11.811125 16.507847
11.855517 16.512644
11.878660 16.514970
11.920797 16.518907
11.944141 16.520921
11.984052 16.524098
12.007593 16.525813
12.045315 16.528323
12.069049 16.529752
12.104620 16.531682
12.128544 16.532838
12.162006 16.534267
12.186116 16.535162
12.217512 16.536163
12.241805 16.536810
12.271181 16.537449
12.295652 16.537861
12.323053 16.538197
12.347698 16.538387
12.373172 16.538475
12.397987 16.538456
12.421577 16.538344
12.446559 16.538128
12.468310 16.537861
12.493456 16.537461
12.513411 16.537078
12.538715 16.536507
12.556917 16.536041
12.582376 16.535312
12.598864 16.534794
12.624475 16.533920
12.639288 16.533378
12.665046 16.532371
12.678221 16.531827
12.704123 16.530701
12.715694 16.530175
12.741736 16.528942
12.751736 16.528452
12.777915 16.527125
12.786374 16.526684
12.812685 16.525275
12.819632 16.524895
12.846071 16.523419
12.851533 16.523109
12.878097 16.521576
12.882098 16.521343
12.911345 16.519615
12.939291 16.517941
12.965668 16.516352
13.016282 16.513320
13.062139 16.510665
13.103030 16.508453
13.140587 16.506632
13.179530 16.504988
13.223256 16.503354
13.271864 16.501694
13.354060 16.499023
13.384390 16.498028
13.412265 16.497092
13.415894 16.496968
13.443717 16.496000
13.448571 16.495828
13.476331 16.494817
13.482425 16.494589
13.510109 16.493525
13.517459 16.493233
13.545056 16.492104
13.553682 16.491739
13.581181 16.490535
13.591106 16.490084
13.618496 16.488794
13.629745 16.488243
13.657014 16.486856
13.669618 16.486189
13.696754 16.484694
13.710746 16.483890
13.737737 16.482277
13.753152 16.481316
13.779988 16.479573
13.796866 16.478430
13.823535 16.476547
13.841920 16.475192
13.868409 16.473158
13.888348 16.471560
13.914647 16.469365
13.936190 16.467488
13.962287 16.465119
13.985489 16.462923
14.011372 16.460371
14.036291 16.457809
14.061949 16.455063
14.088647 16.452084
14.114069 16.449133
14.142611 16.445681
14.167785 16.442513
14.198241 16.438523
14.223155 16.435129
14.255598 16.430528
14.280241 16.426896
14.314746 16.421606
14.339106 16.417726
14.375752 16.411656
14.399817 16.407516
14.438685 16.400567
14.462444 16.396157
14.503616 16.388218
14.527058 16.383528
14.570617 16.374476
14.593729 16.369494
14.639757 16.359193
14.662529 16.353908
14.711107 16.342207
14.733527 16.336609
14.784732 16.323343
14.806788 16.317421
14.860691 16.302407
14.882372 16.296150
14.939036 16.279189
14.960330 16.272586
15.019808 16.253461
15.040704 16.246502
15.103033 16.224978
15.123518 16.217651
15.188717 16.193475
15.208781 16.185770
15.276844 16.158672
15.296475 16.150578
15.367369 16.120274
15.386556 16.111779
15.460215 16.077970
15.478946 16.069065
15.555264 16.031444
15.573527 16.022117
15.652350 15.980373
15.670134 15.970613
15.751259 15.924437
15.768552 15.914234
15.851719 15.863326
15.868510 15.852670
15.953398 15.796754
15.969674 15.785632
16.055898 15.724461
16.071649 15.712864
16.158760 15.646238
16.173975 15.634154
16.261462 15.561929
16.276129 15.549348
16.363428 15.471452
16.377534 15.458363
16.464032 15.374810
16.477566 15.361202
16.561898 15.272884
16.574855 15.258750
16.654310 15.168509
16.666697 15.153858
16.740688 15.062795
16.752518 15.047639
16.821009 14.956365
16.832293 14.940715
16.895334 14.849800
16.906086 14.833668
16.963799 14.743632
16.974029 14.727028
17.026596 14.638334
17.036317 14.621270
17.083968 14.534315
17.093191 14.516803
17.136190 14.431927
17.144929 14.413977
17.183564 14.331456
17.191829 14.313080
17.226402 14.233134
17.234206 14.214344
17.265025 14.137139
17.272380 14.117945
17.299748 14.043601
17.306666 14.024016
17.330882 13.952610
17.337375 13.932644
17.358725 13.864219
17.364805 13.843883
17.383561 13.778449
17.389240 13.757755
17.405658 13.695300
17.410947 13.674259
17.425264 13.614747
17.430176 13.593371
17.442613 13.536753
17.447160 13.515053
17.457919 13.461265
17.462113 13.439252
17.471380 13.388223
17.475233 13.365909
17.483176 13.317560
17.486700 13.294956
17.493471 13.249204
17.496678 13.226322
17.502418 13.183083
17.505320 13.159933
17.510152 13.119121
17.512761 13.095715
17.516798 13.057244
17.519126 13.033594
17.522468 12.997380
17.524527 12.973497
17.527266 12.939459
17.529067 12.915354
17.531283 12.883413
17.532840 12.859097
17.534605 12.829178
17.535929 12.804662
17.537308 12.776693
17.538411 12.751990
17.539461 12.725902
17.540355 12.701022
17.541128 12.676752
17.541825 12.651706
17.542367 12.629194
17.542878 12.603994
17.543229 12.583183
17.543567 12.557841
17.543762 12.538680
17.543940 12.513207
17.544011 12.495648
17.544040 12.470056
17.544015 12.454056
17.543907 12.428354
17.543811 12.413873
17.543577 12.388075
17.543432 12.375078
17.543086 12.349193
17.542909 12.337648
17.542462 12.311689
17.542271 12.301568
17.541735 12.275546
17.541542 12.266826
17.540930 12.240751
17.540748 12.233411
17.540070 12.207296
17.539909 12.201320
17.539178 12.175175
17.539046 12.170549
17.538274 12.144387
17.538175 12.141103
17.537315 12.112985
17.536484 12.086384
17.534857 12.034569
17.533265 11.983349
17.531695 11.932277
17.530145 11.881319
17.528616 11.830473
17.527108 11.779739
17.525621 11.729115
17.524156 11.678599
17.522712 11.628189
17.521289 11.577884
17.519889 11.527682
17.518510 11.477582
17.517153 11.427581
17.515819 11.377679
17.514507 11.327874
17.513218 11.278163
17.511951 11.228546
17.510708 11.179020
17.509487 11.129585
17.508290 11.080237
17.507116 11.030977
17.505965 10.981801
17.504838 10.932709
17.503735 10.883699
17.502656 10.834768
17.501602 10.785916
17.500571 10.737140
17.499565 10.688440
17.498583 10.639812
17.497626 10.591256
17.496695 10.542770
17.495788 10.494352
17.494906 10.446001
17.494050 10.397714
17.493219 10.349491
17.492414 10.301328
17.491635 10.253226
17.490882 10.205181
17.490155 10.157192
17.489454 10.109258
17.488780 10.061376
17.488132 10.013545
17.487511 9.965764
17.486917 9.918030
17.486350 9.870341
17.485810 9.822697
17.485298 9.775095
17.484813 9.727533
17.484356 9.680010
17.483926 9.632524
17.483525 9.585073
17.483152 9.537655
17.482807 9.490269
17.482490 9.442913
17.482202 9.395585
17.481943 9.348283
17.481712 9.301006
17.481511 9.253752
17.481339 9.206518
17.481196 9.159304
17.481083 9.112107
17.481000 9.064925
17.480946 9.017758
17.480922 8.970602
17.480929 8.923456
17.480966 8.876319
17.481033 8.829188
17.481131 8.782063
17.481260 8.734940
17.481419 8.687818
17.481610 8.640695
17.481832 8.593570
17.482086 8.546441
17.482371 8.499305
17.482687 8.452162
17.483036 8.405008
17.483417 8.357844
17.483830 8.310665
17.484275 8.263472
17.484753 8.216261
17.485264 8.169031
17.485808 8.121781
17.486384 8.074508
17.486994 8.027211
17.487638 7.979887
17.488314 7.932536
17.489025 7.885154
17.489770 7.837741
17.490548 7.790294
17.491361 7.742811
17.492208 7.695292
17.493090 7.647733
17.494007 7.600133
17.494958 7.552491
17.495945 7.504804
17.496966 7.457071
17.498024 7.409289
17.499117 7.361457
17.500245 7.313573
17.501410 7.265635
17.502611 7.217642
17.503848 7.169592
17.505122 7.121482
17.506432 7.073310
17.507780 7.025076
17.509164 6.976777
17.510585 6.928412
17.512044 6.879978
17.513541 6.831474
17.515075 6.782897
17.516647 6.734247
17.518258 6.685521
17.519907 6.636717
17.521594 6.587834
17.523320 6.538869
17.525084 6.489822
17.526888 6.440689
17.528731 6.391470
17.530614 6.342161
17.532552 6.292344
17.534585 6.240707
17.535653 6.213431
17.536736 6.185404
17.537827 6.156627
17.538784 6.130744
17.538916 6.127105
17.539842 6.101221
17.539996 6.096839
17.540884 6.070957
17.541055 6.065829
17.541899 6.039953
17.542085 6.034076
17.542877 6.008210
17.543073 6.001581
17.543808 5.975728
17.544008 5.968343
17.544679 5.942505
17.544880 5.934359
17.545480 5.908542
17.545673 5.899630
17.546196 5.873835
17.546377 5.864151
17.546816 5.838383
17.546976 5.827921
17.547325 5.802182
17.547456 5.790935
17.547708 5.765230
17.547802 5.753191
17.547950 5.727522
17.547997 5.714682
17.548036 5.689053
17.548025 5.675406
17.547947 5.649820
17.547868 5.635355
17.547667 5.609816
17.547508 5.594525
17.547178 5.569037
17.546925 5.552910
17.546459 5.527475
17.546100 5.510503
17.545490 5.485125
17.545010 5.467297
17.544251 5.441980
17.543633 5.423286
17.542719 5.398033
17.541947 5.378463
17.540871 5.353277
17.539927 5.332820
17.538682 5.307705
17.537547 5.286351
17.536126 5.261309
17.534781 5.239048
17.533178 5.214084
17.531601 5.190904
17.529810 5.166021
17.527977 5.141913
17.525992 5.117113
17.523881 5.092067
17.521694 5.067356
17.519279 5.041362
17.516884 5.016741
17.514139 4.989791
17.511530 4.965265
17.508427 4.937349
17.505596 4.912921
17.502107 4.884033
17.499048 4.859707
17.495141 4.829840
17.491848 4.805618
17.487491 4.774767
17.483957 4.750653
17.479117 4.718814
17.475337 4.694812
17.469979 4.661981
17.465944 4.638094
17.460032 4.604272
17.455738 4.580503
17.449235 4.545690
17.444673 4.522043
17.437540 4.486241
17.432705 4.462719
17.424903 4.425935
17.419788 4.402542
17.411276 4.364782
17.405874 4.341521
17.396610 4.302797
17.390916 4.279671
17.380858 4.239996
17.374864 4.217008
17.363969 4.176399
17.357669 4.153554
17.345895 4.112029
17.339281 4.089330
17.326584 4.046914
17.319651 4.024364
17.305987 3.981085
17.298729 3.958687
17.284056 3.914576
17.276465 3.892334
17.260741 3.847426
17.252812 3.825343
17.235996 3.779679
17.227721 3.757759
17.209773 3.711383
17.201147 3.689629
17.182031 3.642589
17.173045 3.621004
17.152726 3.573355
17.143375 3.551943
17.121819 3.503741
17.112098 3.482506
17.089276 3.433814
17.079176 3.412758
17.055069 3.363653
17.044585 3.342780
17.019459 3.293880
17.008588 3.273193
16.982899 3.225361
16.971648 3.204859
16.945481 3.158170
16.933856 3.137854
16.907260 3.092310
16.895266 3.072181
16.868289 3.027781
16.855934 3.007838
16.828620 2.964578
16.815910 2.944823
16.788304 2.902696
16.775245 2.883128
16.747388 2.842125
16.733986 2.822745
16.705918 2.782854
16.692180 2.763663
16.663939 2.724870
16.649871 2.705867
16.621492 2.668157
16.607100 2.649343
16.578618 2.612699
16.563908 2.594074
16.535352 2.558477
16.520332 2.540042
16.491733 2.505472
16.476407 2.487227
16.447792 2.453664
16.432168 2.435609
16.403561 2.403030
16.387645 2.385166
16.359071 2.353549
16.342868 2.335876
16.314348 2.305199
16.297866 2.287717
16.269419 2.257955
16.252663 2.240665
16.224307 2.211796
16.207285 2.194697
16.179036 2.166697
16.161753 2.149790
16.133626 2.122634
16.116088 2.105920
16.088096 2.079584
16.070309 2.063064
16.042464 2.037525
16.024436 2.021197
15.996746 1.996431
15.978482 1.980298
15.950958 1.956281
15.932465 1.940341
15.905114 1.917051
15.886398 1.901306
15.859226 1.878720
15.840292 1.863169
15.813305 1.841264
15.794161 1.825909
15.767363 1.804663
15.748015 1.789503
15.721408 1.768896
15.701863 1.753932
15.675450 1.733941
15.655713 1.719173
15.629497 1.699779
15.609575 1.685207
15.583555 1.666389
15.563454 1.652014
15.537631 1.633753
15.517357 1.619576
15.491730 1.601853
15.471290 1.587873
15.445858 1.570669
15.425257 1.556887
15.400018 1.540185
15.379263 1.526601
15.354214 1.510383
15.333313 1.496998
15.308450 1.481248
15.287408 1.468061
15.262729 1.452762
15.241551 1.439775
15.217052 1.424912
15.195746 1.412124
15.171422 1.397681
15.149994 1.385093
15.125840 1.371056
15.104296 1.358668
15.080307 1.345022
15.058653 1.332835
15.034824 1.319567
15.013067 1.307581
14.989391 1.294677
14.967536 1.282892
14.944005 1.270338
14.922059 1.258755
14.898628 1.246520
14.876594 1.235137
14.853242 1.223203
14.831121 1.212019
14.807856 1.200383
14.785649 1.189397
14.762478 1.178057
14.740186 1.167267
14.717116 1.156220
14.694741 1.145624
14.671779 1.134868
14.649321 1.124463
14.626474 1.113995
14.603934 1.103781
14.581210 1.093597
14.558589 1.083572
14.535993 1.073669
14.513292 1.063831
14.490831 1.054206
14.468052 1.044553
14.445730 1.035201
14.422874 1.025733
14.400698 1.016650
14.377765 1.007364
14.355741 0.998548
14.332733 0.989442
14.310866 0.980887
14.287783 0.971961
14.266078 0.963663
14.242921 0.954914
14.221383 0.946870
14.198154 0.938296
14.176787 0.930501
14.153486 0.922101
14.132295 0.914551
14.108924 0.906323
14.087913 0.899013
14.064473 0.890955
14.043645 0.883881
14.020137 0.875992
13.999497 0.869149
13.975921 0.861427
13.955472 0.854810
13.931830 0.847254
13.911575 0.840859
13.887869 0.833467
13.867811 0.827289
13.844040 0.820058
13.824182 0.814093
13.800349 0.807023
13.780694 0.801266
13.756799 0.794355
13.737349 0.788801
13.713393 0.782047
13.694151 0.776691
13.670135 0.770092
13.651104 0.764930
13.627028 0.758485
13.608209 0.753513
13.584076 0.747220
13.565470 0.742432
13.541280 0.736289
13.522890 0.731681
13.498644 0.725687
13.480471 0.721255
13.456171 0.715408
13.438216 0.711146
13.413862 0.705445
13.396127 0.701349
13.371720 0.695792
13.354205 0.691858
13.329747 0.686442
13.312454 0.682667
13.287945 0.677391
13.270875 0.673768
13.246316 0.668631
13.229469 0.665158
13.204862 0.660158
13.188238 0.656829
13.163584 0.651964
13.147185 0.648776
13.122484 0.644044
13.106309 0.640992
13.081563 0.636393
13.065613 0.633473
13.040822 0.629004
13.025097 0.626213
13.000263 0.621872
12.984763 0.619205
12.959887 0.614991
12.944612 0.612445
12.919695 0.608356
12.904645 0.605926
12.879688 0.601962
12.864862 0.599644
12.839866 0.595801
12.825265 0.593594
12.800230 0.589871
12.785853 0.587769
12.760782 0.584164
12.746629 0.582164
12.721522 0.578677
12.707592 0.576775
12.682450 0.573403
12.668743 0.571597
12.643567 0.568338
12.630083 0.566624
12.604873 0.563477
12.591611 0.561852
12.566370 0.558815
12.553329 0.557275
12.528057 0.554347
12.515236 0.552889
12.489935 0.550068
12.477334 0.548689
12.452003 0.545973
12.439622 0.544671
12.414264 0.542058
12.402100 0.540830
12.376716 0.538319
12.364770 0.537161
12.339360 0.534750
12.327630 0.533660
12.302196 0.531348
12.290682 0.530323
12.265224 0.528107
12.253926 0.527145
12.228445 0.525024
12.217361 0.524123
12.191859 0.522095
12.180988 0.521251
12.155466 0.519315
12.144808 0.518526
12.119266 0.516680
12.108819 0.515943
12.083259 0.514186
12.073023 0.513499
12.047446 0.511829
12.037420 0.511191
12.011826 0.509605
12.002009 0.509013
11.976400 0.507510
11.966791 0.506962
11.941167 0.505541
11.931766 0.505034
11.906129 0.503693
11.896934 0.503227
11.871285 0.501964
11.862295 0.501535
11.836636 0.500349
11.827850 0.499956
11.802181 0.498845
11.793599 0.498486
11.767920 0.497448
11.759541 0.497121
11.733855 0.496155
11.725678 0.495858
11.699985 0.494962
11.692010 0.494694
11.666310 0.493866
11.658535 0.493626
11.632831 0.492864
11.625256 0.492650
11.599549 0.491953
11.592172 0.491762
11.566462 0.491129
11.559284 0.490961
11.533572 0.490389
11.526592 0.490242
11.500879 0.489729
11.494096 0.489602
11.468384 0.489148
11.461797 0.489039
11.436086 0.488642
11.429695 0.488550
11.403986 0.488207
11.397790 0.488131
11.372085 0.487842
11.366084 0.487780
11.340384 0.487542
11.334577 0.487494
11.308882 0.487306
11.303268 0.487270
11.277580 0.487130
11.272160 0.487105
11.246479 0.487012
11.241251 0.486997
11.215579 0.486949
11.210544 0.486943
11.184882 0.486938
11.180039 0.486940
11.154387 0.486976
11.149736 0.486986
11.124096 0.487062
11.119636 0.487078
11.094010 0.487192
11.089741 0.487213
11.064128 0.487363
11.060050 0.487390
11.034452 0.487575
11.030565 0.487605
11.004983 0.487823
11.001287 0.487856
10.975722 0.488105
10.972217 0.488142
10.946670 0.488420
10.943355 0.488458
10.917827 0.488765
10.914703 0.488804
10.886262 0.489177
10.858033 0.489574
10.830017 0.489994
10.802215 0.490434
10.774629 0.490893
10.747260 0.491367
10.720110 0.491855
10.693179 0.492356
10.666470 0.492866
10.639983 0.493385
10.613721 0.493909
10.587685 0.494438
10.561876 0.494969
10.536297 0.495501
10.510950 0.496031
10.485835 0.496559
10.460964 0.497081
10.411728 0.498110
10.363445 0.499101
10.316141 0.500042
10.269718 0.500922
10.223790 0.501742
10.178033 0.502507
10.132395 0.503219
10.086868 0.503880
10.041441 0.504490
9.996105 0.505051
9.950850 0.505564
9.905668 0.506029
9.860549 0.506449
9.815483 0.506823
9.770460 0.507154
9.725473 0.507442
9.680511 0.507688
9.635566 0.507894
9.590628 0.508061
9.545687 0.508189
9.500736 0.508280
9.455765 0.508334
9.410766 0.508354
9.365728 0.508339
9.320644 0.508292
9.275506 0.508213
9.230303 0.508103
9.185028 0.507963
9.139673 0.507795
9.094228 0.507600
9.048687 0.507378
9.003039 0.507132
8.957278 0.506861
8.911395 0.506567
8.865382 0.506251
8.819232 0.505915
8.772936 0.505560
8.726487 0.505186
8.679878 0.504795
8.633100 0.504388
8.586146 0.503967
8.539009 0.503532
8.491681 0.503084
8.444156 0.502626
8.396425 0.502157
8.348483 0.501680
8.300321 0.501195
8.251934 0.500704
8.203315 0.500209
8.129931 0.499459
8.105336 0.499207
8.080679 0.498956
8.055957 0.498704
8.031171 0.498453
8.006318 0.498201
7.981400 0.497950
7.956414 0.497700
7.931360 0.497450
7.906237 0.497201
7.881045 0.496953
7.855782 0.496706
7.830447 0.496461
7.805041 0.496217
7.779562 0.495975
7.754009 0.495735
7.728381 0.495496
7.702679 0.495260
7.676900 0.495026
7.651045 0.494795
7.625112 0.494566
7.599101 0.494340
7.573011 0.494117
7.546841 0.493898
7.520591 0.493681
7.494259 0.493468
7.467845 0.493259
7.441348 0.493054
7.414767 0.492853
7.388102 0.492655
7.361352 0.492463
7.334511 0.492274
7.307488 0.492090
7.280215 0.491911
7.252694 0.491738
7.224927 0.491573
7.196919 0.491419
7.168671 0.491277
7.140189 0.491149
7.111473 0.491037
7.082528 0.490943
7.053355 0.490869
7.023958 0.490818
6.994340 0.490791
6.964502 0.490790
6.937453 0.490813
6.934447 0.490817
6.907358 0.490868
6.904178 0.490876
6.877051 0.490955
6.873696 0.490967
6.846534 0.491077
6.843005 0.491093
6.815809 0.491235
6.812105 0.491257
6.784879 0.491433
6.781000 0.491460
6.753745 0.491672
6.749690 0.491706
6.722409 0.491954
6.718178 0.491996
6.690873 0.492283
6.686465 0.492333
6.659139 0.492660
6.654553 0.492719
6.627208 0.493088
6.622445 0.493156
6.595083 0.493569
6.590140 0.493648
6.562763 0.494107
6.557641 0.494197
6.530252 0.494703
6.524949 0.494805
6.497550 0.495359
6.492065 0.495475
6.464659 0.496080
6.458991 0.496210
6.431580 0.496867
6.425728 0.497013
6.398313 0.497723
6.392276 0.497885
6.364860 0.498650
6.358636 0.498831
6.331223 0.499653
6.324810 0.499852
6.297401 0.500733
6.290799 0.500952
6.263396 0.501893
6.256602 0.502134
6.229208 0.503137
6.222221 0.503401
6.194838 0.504467
6.187657 0.504755
6.160286 0.505887
6.152909 0.506201
6.125554 0.507399
6.117978 0.507741
6.090641 0.509008
6.082865 0.509378
6.055548 0.510715
6.047569 0.511116
6.020275 0.512525
6.012092 0.512958
5.984823 0.514440
5.976433 0.514908
5.949191 0.516465
5.940591 0.516969
5.913379 0.518603
5.904568 0.519145
5.877388 0.520857
5.868363 0.521439
5.841217 0.523231
5.831976 0.523856
5.804866 0.525730
5.795406 0.526399
5.768335 0.528356
5.758654 0.529071
5.731623 0.531114
5.721718 0.531878
5.694731 0.534007
5.684598 0.534824
5.657657 0.537041
5.647294 0.537912
5.620401 0.540219
5.609805 0.541147
5.582962 0.543545
5.572130 0.544533
5.545340 0.547025
5.534269 0.548075
5.507534 0.550662
5.496220 0.551778
5.469542 0.554462
5.457983 0.555647
5.431365 0.558428
5.419557 0.559686
5.393000 0.562567
5.380940 0.563900
5.354448 0.566883
5.342132 0.568296
5.315706 0.571381
5.303130 0.572877
5.276774 0.576068
5.263935 0.577650
5.237649 0.580947
5.224544 0.582620
5.198332 0.586026
5.184956 0.587794
5.158820 0.591309
5.145170 0.593177
5.119112 0.596803
5.105184 0.598775
5.079206 0.602514
5.064996 0.604594
5.039102 0.608448
5.024606 0.610642
4.998796 0.614613
4.984011 0.616925
4.958288 0.621014
4.943209 0.623450
4.917576 0.627658
4.902199 0.630224
4.876658 0.634553
4.860979 0.637254
4.835533 0.641706
4.819547 0.644548
4.794198 0.649125
4.777902 0.652114
4.752652 0.656817
4.736041 0.659959
4.710892 0.664791
4.693963 0.668093
4.668918 0.673054
4.651666 0.676524
4.626727 0.681616
4.609149 0.685260
4.584318 0.690484
4.566408 0.694310
4.541688 0.699669
4.523444 0.703684
4.498836 0.709180
4.480253 0.713392
4.455761 0.719025
4.436835 0.723443
4.412460 0.729216
4.393187 0.733848
4.368932 0.739761
4.349309 0.744616
4.325176 0.750673
4.305198 0.755760
4.281190 0.761961
4.260855 0.767290
4.236973 0.773637
4.216277 0.779217
4.192525 0.785712
4.171463 0.791554
4.147843 0.798198
4.126414 0.804312
4.102927 0.811107
4.081128 0.817504
4.057777 0.824452
4.035604 0.831142
4.012392 0.838245
3.989844 0.845241
3.966772 0.852499
3.943846 0.859813
3.920917 0.867229
3.897612 0.874872
3.874828 0.882448
3.851142 0.890433
3.828506 0.898169
3.804437 0.906510
3.781951 0.914409
3.757498 0.923117
3.735165 0.931181
3.710329 0.940271
3.688150 0.948500
3.662930 0.957986
3.640909 0.966383
3.615306 0.976279
3.593443 0.984845
3.567459 0.995166
3.545757 1.003902
3.519392 1.014662
3.497855 1.023571
3.471112 1.034786
3.449741 1.043869
3.422622 1.055553
3.401420 1.064812
3.373930 1.076982
3.352898 1.086418
3.325040 1.099089
3.304182 1.108704
3.275962 1.121892
3.255279 1.131688
3.226702 1.145409
3.206196 1.155388
3.177269 1.169658
3.156944 1.179821
3.127675 1.194657
3.107533 1.205005
3.077929 1.220423
3.057971 1.230959
3.028044 1.246976
3.008273 1.257701
2.978031 1.274331
2.958450 1.285247
2.927906 1.302509
2.908517 1.313617
2.877683 1.331525
2.858487 1.342827
2.827378 1.361397
2.808379 1.372895
2.777008 1.392143
2.758207 1.403838
2.726592 1.423778
2.707992 1.435672
2.676150 1.456319
2.657753 1.468413
2.625701 1.489781
2.607511 1.502078
2.575270 1.524179
2.557287 1.536680
2.524878 1.559528
2.507105 1.572234
2.474550 1.595839
2.456990 1.608752
2.424313 1.633126
2.406968 1.646248
2.374192 1.671400
2.357064 1.684733
2.324218 1.710671
2.307309 1.724215
2.274418 1.750947
2.257731 1.764706
2.224823 1.792236
2.208361 1.806210
2.175465 1.834545
2.159230 1.848736
2.126377 1.877877
2.110370 1.892287
2.077592 1.922235
2.061816 1.936865
2.029145 1.967621
2.013602 1.982473
1.981070 2.014034
1.965763 2.029110
1.933403 2.061471
1.918334 2.076772
1.886274 2.109830
