4.006037 4.113250
4.007034 4.112585
4.009202 4.111175
4.011763 4.109550
4.014724 4.107717
4.018090 4.105682
4.021867 4.103453
4.026059 4.101037
4.030668 4.098439
4.035697 4.095669
4.041149 4.092731
4.047024 4.089633
4.053324 4.086381
4.060049 4.082982
4.067197 4.079441
4.074770 4.075766
4.082764 4.071960
4.091180 4.068031
4.100014 4.063982
4.109265 4.059818
4.118930 4.055544
4.129006 4.051165
4.139491 4.046683
4.150380 4.042103
4.161672 4.037427
4.173361 4.032659
4.185445 4.027802
4.197919 4.022856
4.210781 4.017825
4.224025 4.012709
4.237649 4.007510
4.251647 4.002230
4.266017 3.996868
4.280754 3.991425
4.295855 3.985900
4.311314 3.980295
4.327130 3.974607
4.343297 3.968837
4.359812 3.962982
4.376671 3.957042
4.393872 3.951014
4.411409 3.944896
4.429280 3.938687
4.447482 3.932383
4.466012 3.925982
4.484849 3.919485
4.503854 3.912938
4.522848 3.906400
4.541778 3.899891
4.560642 3.893412
4.579441 3.886964
4.598175 3.880548
4.616843 3.874165
4.635447 3.867814
4.653985 3.861498
4.672459 3.855216
4.690868 3.848970
4.709212 3.842760
4.727491 3.836586
4.745706 3.830450
4.763856 3.824353
4.781942 3.818294
4.799964 3.812275
4.817921 3.806297
4.835814 3.800359
4.853643 3.794463
4.871407 3.788609
4.889107 3.782798
4.906744 3.777030
4.924316 3.771307
4.941824 3.765629
4.959269 3.759996
4.976649 3.754409
4.993966 3.748868
5.011219 3.743375
5.028407 3.737929
5.045533 3.732532
5.062594 3.727183
5.079592 3.721884
5.096526 3.716635
5.113396 3.711437
5.130203 3.706289
5.146946 3.701193
5.163625 3.696149
5.180241 3.691157
5.196794 3.686219
5.213283 3.681334
5.229708 3.676502
5.246071 3.671726
5.262369 3.667004
5.278605 3.662337
5.294777 3.657726
5.310885 3.653171
5.326931 3.648672
5.342913 3.644230
5.358832 3.639846
5.374688 3.635519
5.390481 3.631250
5.406211 3.627040
5.421878 3.622888
5.437482 3.618795
5.453023 3.614762
5.468502 3.610788
5.483918 3.606874
5.499271 3.603020
5.514562 3.599226
5.529790 3.595494
5.544957 3.591822
5.560061 3.588212
5.575103 3.584663
5.590083 3.581175
5.605002 3.577750
5.619859 3.574387
5.634654 3.571086
5.649389 3.567847
5.664062 3.564671
5.678674 3.561558
5.693226 3.558507
5.707717 3.555520
5.722148 3.552596
5.736519 3.549735
5.750830 3.546937
5.765082 3.544203
5.779275 3.541533
5.793408 3.538926
5.807483 3.536383
5.821500 3.533903
5.835459 3.531488
5.849360 3.529136
5.863205 3.526848
5.876992 3.524624
5.890723 3.522464
5.904398 3.520368
5.918018 3.518336
5.931582 3.516368
5.945092 3.514464
5.958548 3.512624
5.971951 3.510847
5.985300 3.509135
5.998597 3.507486
6.011843 3.505902
6.025037 3.504381
6.038180 3.502924
6.051274 3.501530
6.064319 3.500200
6.077315 3.498934
6.090263 3.497732
6.103164 3.496593
6.116025 3.495517
6.128916 3.494498
6.141934 3.493529
6.155113 3.492608
6.168455 3.491733
6.181960 3.490906
6.195626 3.490125
6.209454 3.489392
6.223444 3.488706
6.237595 3.488067
6.251907 3.487474
6.266379 3.486928
6.281012 3.486428
6.295804 3.485973
6.310755 3.485564
6.325865 3.485200
6.341133 3.484881
6.356559 3.484605
6.372143 3.484373
6.387883 3.484183
6.403779 3.484036
6.419830 3.483930
6.436037 3.483865
6.452398 3.483839
6.468913 3.483853
6.485581 3.483904
6.502402 3.483993
6.519376 3.484118
6.536501 3.484277
6.553777 3.484471
6.571204 3.484698
6.588780 3.484957
6.606507 3.485246
6.624382 3.485564
6.642405 3.485911
6.660577 3.486284
6.678896 3.486682
6.697362 3.487104
6.715974 3.487549
6.734733 3.488014
6.753637 3.488499
6.772686 3.489002
6.791880 3.489521
6.811218 3.490054
6.830700 3.490600
6.850326 3.491157
6.870095 3.491723
6.890007 3.492297
6.910043 3.492876
6.920097 3.493166
6.930195 3.493457
6.940329 3.493749
6.950499 3.494041
6.960703 3.494333
6.970943 3.494624
6.981219 3.494915
6.991530 3.495205
7.001876 3.495494
7.012257 3.495781
7.022674 3.496067
7.033125 3.496352
7.043612 3.496633
7.054135 3.496913
7.064692 3.497190
7.075284 3.497464
7.085912 3.497734
7.096574 3.498001
7.107272 3.498265
7.118005 3.498524
7.128772 3.498779
7.139575 3.499029
7.150413 3.499274
7.161285 3.499514
7.172192 3.499748
7.183114 3.499976
7.194027 3.500197
7.204931 3.500412
7.215824 3.500621
7.226708 3.500823
7.237582 3.501019
7.248447 3.501208
7.259301 3.501391
7.270146 3.501568
7.280981 3.501740
7.291807 3.501905
7.302622 3.502064
7.313428 3.502218
7.324224 3.502365
7.335010 3.502508
7.345787 3.502644
7.356554 3.502775
7.367311 3.502901
7.378058 3.503021
7.388796 3.503136
7.399524 3.503246
7.410242 3.503351
7.420951 3.503450
7.431650 3.503545
7.442339 3.503634
7.453018 3.503719
7.463688 3.503799
7.474348 3.503875
7.484999 3.503945
7.495640 3.504012
7.506271 3.504073
7.516893 3.504131
7.527504 3.504184
7.538107 3.504232
7.548699 3.504277
7.559282 3.504317
7.569856 3.504354
7.580420 3.504386
7.590974 3.504414
7.601518 3.504439
7.612053 3.504460
7.622579 3.504477
7.633095 3.504490
7.643601 3.504500
7.654098 3.504507
7.664585 3.504510
7.675062 3.504510
7.685530 3.504506
7.695989 3.504499
7.706438 3.504489
7.716878 3.504476
7.727308 3.504460
7.737728 3.504441
7.748139 3.504420
7.758541 3.504395
7.768933 3.504368
7.779315 3.504338
7.789688 3.504305
7.800052 3.504270
7.810406 3.504233
7.820751 3.504193
7.831086 3.504150
7.841412 3.504106
7.851729 3.504059
7.862036 3.504010
7.872334 3.503959
7.882622 3.503906
7.892901 3.503852
7.903171 3.503795
7.913431 3.503736
7.923682 3.503676
7.933923 3.503614
7.944156 3.503551
7.954379 3.503486
7.964592 3.503420
7.974796 3.503352
7.984991 3.503283
7.995177 3.503212
8.005354 3.503140
8.015521 3.503068
8.025679 3.502994
8.035827 3.502919
8.045967 3.502843
8.056097 3.502766
8.066218 3.502689
8.076330 3.502610
8.086432 3.502531
8.096526 3.502452
8.106610 3.502371
8.116685 3.502291
8.126751 3.502209
8.136808 3.502128
8.146855 3.502046
8.156894 3.501964
8.166923 3.501881
8.176943 3.501799
8.186954 3.501716
8.196956 3.501634
8.206944 3.501551
8.226892 3.501387
8.246806 3.501223
8.266683 3.501061
8.286524 3.500900
8.306330 3.500742
8.326099 3.500587
8.345833 3.500434
8.365531 3.500286
8.385194 3.500142
8.404822 3.500003
8.424429 3.499868
8.444033 3.499739
8.463639 3.499615
8.483248 3.499495
8.502861 3.499381
8.522476 3.499271
8.542094 3.499166
8.561715 3.499066
8.581339 3.498971
8.600966 3.498881
8.620596 3.498795
8.640228 3.498714
8.659863 3.498638
8.679501 3.498567
8.699141 3.498500
8.718785 3.498438
8.738430 3.498381
8.758079 3.498328
8.777730 3.498279
8.797383 3.498236
8.817039 3.498196
8.836697 3.498162
8.856358 3.498132
8.876021 3.498106
8.895687 3.498084
8.915355 3.498068
8.935025 3.498055
8.954697 3.498047
8.974372 3.498043
8.994049 3.498043
9.013728 3.498048
9.033409 3.498057
9.053093 3.498070
9.072778 3.498088
9.092466 3.498109
9.112155 3.498135
9.131846 3.498165
9.151540 3.498199
9.171235 3.498237
9.190932 3.498279
9.210632 3.498325
9.230332 3.498376
9.250035 3.498430
9.269740 3.498488
9.289446 3.498550
9.309154 3.498616
9.328863 3.498686
9.348575 3.498760
9.368287 3.498837
9.388002 3.498919
9.407718 3.499004
9.427435 3.499093
9.447154 3.499186
9.466875 3.499282
9.486597 3.499382
9.506320 3.499486
9.526044 3.499594
9.545770 3.499705
9.565498 3.499819
9.585227 3.499938
9.604967 3.500060
9.624731 3.500185
9.644523 3.500313
9.664343 3.500444
9.684191 3.500577
9.704068 3.500713
9.723973 3.500850
9.743906 3.500988
9.763867 3.501127
9.783852 3.501266
9.793853 3.501335
9.803862 3.501405
9.813878 3.501475
9.823902 3.501544
9.833932 3.501613
9.843970 3.501682
9.854015 3.501751
9.864067 3.501820
9.874126 3.501888
9.884192 3.501955
9.894266 3.502022
9.904346 3.502089
9.914434 3.502155
9.924529 3.502220
9.934631 3.502285
9.944741 3.502349
9.954857 3.502413
9.964981 3.502475
9.975112 3.502537
9.985250 3.502597
9.995395 3.502657
10.005548 3.502716
10.015708 3.502773
10.025874 3.502830
10.036049 3.502885
10.046230 3.502939
10.056419 3.502992
10.066615 3.503044
10.076818 3.503094
10.087028 3.503143
10.097246 3.503190
10.107471 3.503236
10.117703 3.503280
10.127942 3.503322
10.138189 3.503363
10.148443 3.503402
10.158704 3.503440
10.168972 3.503475
10.179248 3.503509
10.189531 3.503541
10.199822 3.503571
10.210119 3.503598
10.220424 3.503624
10.230736 3.503647
10.241056 3.503669
10.251383 3.503688
10.261717 3.503704
10.272058 3.503719
10.282407 3.503731
10.292763 3.503740
10.303127 3.503747
10.313498 3.503752
10.323876 3.503753
10.334261 3.503753
10.344654 3.503749
10.355054 3.503743
10.365462 3.503733
10.375877 3.503721
10.386299 3.503706
10.396728 3.503688
10.407165 3.503667
10.417610 3.503643
10.428061 3.503616
10.438520 3.503585
10.448987 3.503551
10.459461 3.503514
10.469942 3.503474
10.480430 3.503430
10.490926 3.503382
10.501430 3.503331
10.511941 3.503277
10.522459 3.503218
10.532984 3.503157
10.543517 3.503091
10.554058 3.503021
10.564605 3.502948
10.575161 3.502871
10.585723 3.502789
10.596293 3.502704
10.606871 3.502615
10.617456 3.502521
10.628048 3.502423
10.638648 3.502321
10.649255 3.502215
10.659870 3.502104
10.670492 3.501989
10.681121 3.501870
10.691758 3.501745
10.702403 3.501617
10.713055 3.501483
10.723714 3.501345
10.734381 3.501202
10.745055 3.501054
10.755737 3.500902
10.766426 3.500744
10.777122 3.500581
10.787826 3.500414
10.798538 3.500241
10.809257 3.500063
10.819983 3.499880
10.830717 3.499691
10.841441 3.499498
10.852138 3.499300
10.862806 3.499098
10.873445 3.498892
10.884056 3.498683
10.894637 3.498470
10.905189 3.498253
10.915713 3.498034
10.926208 3.497812
10.936674 3.497588
10.947111 3.497361
10.957519 3.497132
10.967898 3.496901
10.978248 3.496669
10.988569 3.496435
10.998861 3.496200
11.009124 3.495963
11.019359 3.495726
11.029564 3.495489
11.039740 3.495251
11.049888 3.495012
11.060006 3.494774
11.070095 3.494536
11.080155 3.494298
11.100152 3.493826
11.120039 3.493357
11.139810 3.492894
11.159465 3.492437
11.179002 3.491989
11.198423 3.491551
11.217727 3.491124
11.236913 3.490710
11.255982 3.490310
11.274934 3.489925
11.293768 3.489557
11.312484 3.489207
11.331081 3.488876
11.349561 3.488565
11.367922 3.488276
11.386165 3.488010
11.404289 3.487768
11.422293 3.487551
11.440179 3.487360
11.457945 3.487196
11.475592 3.487061
11.493119 3.486955
11.510526 3.486879
11.527813 3.486834
11.544979 3.486821
11.562025 3.486841
11.578950 3.486895
11.595755 3.486984
11.612438 3.487108
11.629000 3.487268
11.645441 3.487466
11.661760 3.487701
11.677957 3.487975
11.694033 3.488287
11.709987 3.488640
11.725818 3.489033
11.741528 3.489466
11.757115 3.489941
11.772580 3.490458
11.787923 3.491018
11.803143 3.491621
11.818241 3.492267
11.833217 3.492956
11.848070 3.493690
11.862801 3.494469
11.877410 3.495292
11.891897 3.496161
11.906280 3.497076
11.920618 3.498042
11.934954 3.499062
11.949293 3.500135
11.963636 3.501262
11.977982 3.502443
11.992331 3.503677
12.006684 3.504965
12.021040 3.506307
12.035398 3.507702
12.049760 3.509151
12.064125 3.510654
12.078493 3.512210
12.092863 3.513820
12.107237 3.515483
12.121613 3.517200
12.135992 3.518970
12.150374 3.520794
12.164758 3.522671
12.179145 3.524602
12.193535 3.526586
12.207927 3.528624
12.222321 3.530715
12.236718 3.532860
12.251117 3.535058
12.265518 3.537309
12.279921 3.539614
12.294327 3.541971
12.308734 3.544383
12.323144 3.546847
12.337555 3.549365
12.351968 3.551936
12.366382 3.554561
12.380798 3.557239
12.395216 3.559969
12.409635 3.562754
12.424056 3.565591
12.438477 3.568481
12.452900 3.571425
12.467324 3.574422
12.481750 3.577472
12.496176 3.580575
12.510602 3.583731
12.525030 3.586941
12.539458 3.590203
12.553887 3.593518
12.568316 3.596887
12.582745 3.600308
12.597175 3.603783
12.611605 3.607310
12.626035 3.610891
12.640465 3.614524
12.654894 3.618210
12.669324 3.621949
12.683753 3.625742
12.698181 3.629586
12.712609 3.633484
12.727037 3.637435
12.741463 3.641438
12.755889 3.645494
12.770313 3.649603
12.784736 3.653765
12.799158 3.657980
12.813579 3.662247
12.827998 3.666566
12.842416 3.670939
12.856831 3.675364
12.871245 3.679841
12.885657 3.684372
12.900067 3.688954
12.914474 3.693589
12.928879 3.698277
12.943282 3.703017
12.957682 3.707810
12.972079 3.712655
12.986473 3.717552
13.000865 3.722502
13.015253 3.727504
13.029638 3.732558
13.044019 3.737665
13.058397 3.742824
13.072772 3.748035
13.087142 3.753298
13.101509 3.758613
13.115871 3.763980
13.130230 3.769400
13.144584 3.774871
13.158933 3.780394
13.173278 3.785970
13.187618 3.791597
13.201953 3.797276
13.216283 3.803007
13.230608 3.808790
13.244927 3.814624
13.259241 3.820510
13.273550 3.826448
13.287852 3.832437
13.302149 3.838479
13.316440 3.844571
13.330724 3.850715
13.345002 3.856911
13.359274 3.863158
13.373539 3.869456
13.387797 3.875806
13.402048 3.882207
13.416292 3.888659
13.430528 3.895162
13.444758 3.901717
13.458980 3.908322
13.473194 3.914979
13.487400 3.921686
13.501598 3.928445
13.515788 3.935254
13.529970 3.942114
13.544131 3.949020
13.558233 3.955951
13.572245 3.962894
13.586162 3.969846
13.599982 3.976807
13.613704 3.983777
13.627325 3.990755
13.640845 3.997740
13.654262 4.004733
13.667574 4.011732
13.680780 4.018738
13.693878 4.025749
13.706866 4.032765
13.719744 4.039786
13.732510 4.046810
13.745161 4.053837
13.757698 4.060867
13.770117 4.067899
13.782418 4.074932
13.794600 4.081965
13.806660 4.088998
13.818598 4.096029
13.830411 4.103058
13.842100 4.110084
13.853662 4.117106
13.865096 4.124123
13.876400 4.131134
13.887575 4.138139
13.898617 4.145136
13.909527 4.152124
13.920302 4.159102
13.930942 4.166069
13.941446 4.173025
13.951813 4.179967
13.962041 4.186895
13.972130 4.193808
13.982078 4.200705
13.991885 4.207583
14.001551 4.214443
14.011073 4.221283
14.020452 4.228102
14.029687 4.234897
14.038777 4.241669
14.047721 4.248416
14.056520 4.255137
14.065172 4.261830
14.073677 4.268494
14.082036 4.275128
14.090246 4.281731
14.098310 4.288300
14.106225 4.294836
14.113993 4.301336
14.121614 4.307800
14.129086 4.314226
14.136412 4.320613
14.143590 4.326959
14.150621 4.333264
14.157507 4.339527
14.164246 4.345746
14.170840 4.351920
14.177290 4.358048
14.183596 4.364129
14.189759 4.370162
14.195780 4.376147
14.201660 4.382082
14.207401 4.387966
14.213003 4.393799
14.218468 4.399580
14.223797 4.405309
14.228992 4.410985
14.234054 4.416608
14.238986 4.422176
14.243788 4.427691
14.248463 4.433151
14.253012 4.438558
14.257439 4.443910
14.261744 4.449208
14.265930 4.454452
14.269999 4.459643
14.273954 4.464782
14.277796 4.469868
14.281529 4.474904
14.285173 4.479913
14.288787 4.484978
14.292415 4.490162
14.296062 4.495474
14.299726 4.500915
14.303406 4.506485
14.307101 4.512185
14.310808 4.518016
14.314526 4.523978
14.318254 4.530071
14.321990 4.536295
14.325733 4.542652
14.329480 4.549139
14.333231 4.555759
14.336982 4.562510
14.340734 4.569392
14.344483 4.576405
14.348229 4.583549
14.351969 4.590822
14.355702 4.598225
14.359427 4.605756
14.363140 4.613415
14.366842 4.621201
14.370530 4.629114
14.374202 4.637151
14.377857 4.645313
14.381494 4.653598
14.385109 4.662004
14.388703 4.670531
14.392274 4.679178
14.395819 4.687942
14.399338 4.696824
14.402829 4.705820
14.406290 4.714929
14.409720 4.724151
14.413118 4.733483
14.416482 4.742924
14.419811 4.752472
14.423104 4.762126
14.426359 4.771882
14.429575 4.781741
14.432751 4.791699
14.435885 4.801755
14.438977 4.811907
14.442025 4.822153
14.445028 4.832491
14.447986 4.842919
14.450896 4.853435
14.453759 4.864036
14.456573 4.874721
14.459336 4.885488
14.462049 4.896334
14.464711 4.907257
14.467320 4.918255
14.469876 4.929326
14.472377 4.940467
14.474824 4.951676
14.477215 4.962951
14.479550 4.974290
14.481828 4.985690
14.484049 4.997148
14.486211 5.008663
14.488314 5.020232
14.490359 5.031853
14.492343 5.043522
14.494268 5.055239
14.496131 5.067000
14.497933 5.078802
14.499674 5.090645
14.501353 5.102524
14.502970 5.114437
14.504524 5.126382
14.506015 5.138357
14.507443 5.150358
14.508809 5.162389
14.510116 5.174487
14.511369 5.186699
14.512570 5.199038
14.513720 5.211507
14.514816 5.224106
14.515861 5.236837
14.516854 5.249702
14.517795 5.262701
14.518683 5.275836
14.519521 5.289108
14.520306 5.302519
14.521040 5.316069
14.521722 5.329758
14.522354 5.343589
14.522934 5.357562
14.523464 5.371677
14.523944 5.385936
14.524374 5.400338
14.524754 5.414886
14.525085 5.429578
14.525367 5.444417
14.525601 5.459402
14.525787 5.474534
14.525926 5.489813
14.526019 5.505239
14.526066 5.520814
14.526067 5.536537
14.526025 5.552409
14.525938 5.568430
14.525809 5.584601
14.525637 5.600920
14.525425 5.617390
14.525172 5.634010
14.524881 5.650779
14.524551 5.667700
14.524185 5.684770
14.523783 5.701992
14.523346 5.719364
14.522875 5.736887
14.522373 5.754561
14.521840 5.772387
14.521278 5.790363
14.520687 5.808492
14.520070 5.826771
14.519428 5.845203
14.518763 5.863785
14.518076 5.882520
14.517369 5.901407
14.516643 5.920446
14.515901 5.939636
14.515144 5.958979
14.514374 5.978474
14.513592 5.998122
14.512802 6.017921
14.512005 6.037841
14.511605 6.047853
14.511203 6.057905
14.510801 6.067996
14.510399 6.078125
14.509996 6.088292
14.509593 6.098497
14.509190 6.108740
14.508788 6.119022
14.508387 6.129342
14.507987 6.139700
14.507588 6.150097
14.507191 6.160532
14.506796 6.171005
14.506403 6.181516
14.506013 6.192066
14.505625 6.202654
14.505241 6.213281
14.504860 6.223946
14.504483 6.234649
14.504110 6.245390
14.503742 6.256170
14.503378 6.266989
14.503019 6.277846
14.502665 6.288741
14.502317 6.299674
14.501975 6.310647
14.501639 6.321657
14.501310 6.332706
14.500988 6.343794
14.500674 6.354920
14.500367 6.366081
14.500068 6.377247
14.499779 6.388402
14.499499 6.399544
14.499227 6.410674
14.498964 6.421792
14.498710 6.432898
14.498464 6.443992
14.498226 6.455073
14.497997 6.466143
14.497776 6.477200
14.497562 6.488246
14.497357 6.499279
14.497160 6.510300
14.496970 6.521309
14.496788 6.532306
14.496613 6.543291
14.496446 6.554263
14.496286 6.565223
14.496133 6.576172
14.495987 6.587108
14.495848 6.598032
14.495716 6.608944
14.495590 6.619843
14.495472 6.630731
14.495359 6.641606
14.495254 6.652469
14.495154 6.663320
14.495061 6.674159
14.494974 6.684985
14.494893 6.695800
14.494817 6.706602
14.494748 6.717392
14.494684 6.728170
14.494626 6.738935
14.494573 6.749689
14.494526 6.760430
14.494484 6.771159
14.494447 6.781876
14.494416 6.792580
14.494389 6.803273
14.494367 6.813953
14.494350 6.824621
14.494338 6.835277
14.494330 6.845920
14.494327 6.856551
14.494328 6.867170
14.494333 6.877777
14.494343 6.888372
14.494356 6.898954
14.494374 6.909524
14.494396 6.920082
14.494421 6.930628
14.494450 6.941161
14.494483 6.951682
14.494519 6.962191
14.494559 6.972687
14.494602 6.983172
14.494648 6.993644
14.494698 7.004104
14.494750 7.014551
14.494805 7.024986
14.494864 7.035409
14.494925 7.045820
14.494988 7.056219
14.495055 7.066605
14.495123 7.076979
14.495195 7.087340
14.495268 7.097690
14.495344 7.108027
14.495422 7.118351
14.495501 7.128664
14.495583 7.138964
14.495667 7.149252
14.495752 7.159527
14.495839 7.169790
14.495928 7.180041
14.496018 7.190280
14.496110 7.200506
14.496203 7.210720
14.496297 7.220922
14.496392 7.231111
14.496488 7.241288
14.496586 7.251453
14.496684 7.261605
14.496783 7.271745
14.496882 7.281873
14.496983 7.291988
14.497084 7.302091
14.497185 7.312182
14.497287 7.322260
14.497389 7.332326
14.497491 7.342380
14.497593 7.352421
14.497695 7.362450
14.497900 7.382457
14.498103 7.402416
14.498305 7.422325
14.498505 7.442184
14.498701 7.461994
14.498895 7.481755
14.499084 7.501465
14.499269 7.521126
14.499448 7.540737
14.499621 7.560299
14.499788 7.579811
14.499948 7.599273
14.500099 7.618697
14.500243 7.638113
14.500380 7.657537
14.500509 7.676972
14.500631 7.696418
14.500745 7.715874
14.500853 7.735341
14.500953 7.754818
14.501047 7.774305
14.501135 7.793803
14.501215 7.813311
14.501290 7.832830
14.501358 7.852360
14.501420 7.871899
14.501476 7.891450
14.501527 7.911010
14.501571 7.930582
14.501611 7.950163
14.501644 7.969756
14.501673 7.989358
14.501696 8.008972
14.501714 8.028595
14.501728 8.048229
14.501736 8.067874
14.501740 8.087529
14.501740 8.107195
14.501735 8.126871
14.501726 8.146558
14.501713 8.166255
14.501696 8.185962
14.501675 8.205680
14.501651 8.225409
14.501623 8.245148
14.501592 8.264898
14.501557 8.284658
14.501519 8.304428
14.501479 8.324209
14.501435 8.344001
14.501389 8.363803
14.501341 8.383616
14.501290 8.403439
14.501237 8.423272
14.501181 8.443116
14.501124 8.462971
14.501065 8.482836
14.501004 8.502712
14.500941 8.522598
14.500878 8.542495
14.500812 8.562402
14.500746 8.582320
14.500679 8.602248
14.500611 8.622186
14.500542 8.642136
14.500473 8.662095
14.500403 8.682066
14.500333 8.702046
14.500263 8.722036
14.500228 8.732034
14.500193 8.742035
14.500158 8.752038
14.500123 8.762044
14.500088 8.772053
14.500053 8.782064
14.500018 8.792078
14.499984 8.802095
14.499949 8.812114
14.499915 8.822134
14.499881 8.832155
14.499847 8.842178
14.499814 8.852203
14.499780 8.862230
14.499747 8.872257
14.499714 8.882287
14.499681 8.892318
14.499648 8.902351
14.499616 8.912385
14.499584 8.922421
14.499552 8.932458
14.499521 8.942497
14.499489 8.952538
14.499458 8.962580
14.499428 8.972624
14.499398 8.982669
14.499368 8.992717
14.499338 9.002765
14.499309 9.012816
14.499280 9.022868
14.499252 9.032921
14.499224 9.042976
14.499196 9.053033
14.499169 9.063092
14.499142 9.073152
14.499116 9.083214
14.499090 9.093277
14.499065 9.103342
14.499040 9.113409
14.499015 9.123477
14.498991 9.133547
14.498968 9.143619
14.498945 9.153692
14.498923 9.163768
14.498901 9.173844
14.498879 9.183923
14.498859 9.194003
14.498838 9.204085
14.498819 9.214168
14.498800 9.224253
14.498781 9.234340
14.498764 9.244429
14.498747 9.254519
14.498730 9.264611
14.498714 9.274705
14.498699 9.284800
14.498685 9.294897
14.498671 9.304996
14.498658 9.315097
14.498645 9.325199
14.498633 9.335303
14.498623 9.345409
14.498612 9.355516
14.498603 9.365625
14.498594 9.375736
14.498586 9.385849
14.498579 9.395963
14.498573 9.406080
14.498567 9.416197
14.498562 9.426317
14.498558 9.436439
14.498555 9.446562
14.498553 9.456687
14.498552 9.466814
14.498551 9.476942
14.498552 9.487072
14.498553 9.497205
14.498555 9.507338
14.498558 9.517474
14.498562 9.527612
14.498567 9.537751
14.498573 9.547892
14.498580 9.558035
14.498588 9.568179
14.498597 9.578326
14.498607 9.588474
14.498618 9.598624
14.498630 9.608776
14.498643 9.618930
14.498657 9.629085
14.498672 9.639242
14.498688 9.649402
14.498705 9.659563
14.498723 9.669725
14.498742 9.679890
14.498763 9.690057
14.498784 9.700225
14.498807 9.710395
14.498831 9.720567
14.498856 9.730741
14.498882 9.740917
14.498910 9.751094
14.498938 9.761274
14.498968 9.771455
14.498999 9.781638
14.499031 9.791823
14.499065 9.802010
14.499099 9.812199
14.499135 9.822390
14.499172 9.832582
14.499211 9.842777
14.499251 9.852973
14.499292 9.863171
14.499334 9.873371
14.499378 9.883573
14.499423 9.893777
14.499469 9.903983
14.499517 9.914191
14.499566 9.924401
14.499617 9.934612
14.499668 9.944826
14.499722 9.955041
14.499777 9.965258
14.499833 9.975478
14.499890 9.985699
14.499949 9.995922
14.500010 10.006147
14.500072 10.016373
14.500135 10.026594
14.500200 10.036806
14.500266 10.047010
14.500333 10.057204
14.500401 10.067390
14.500470 10.077567
14.500541 10.087735
14.500612 10.097894
14.500684 10.108044
14.500756 10.118185
14.500830 10.128317
14.500904 10.138440
14.500979 10.148554
14.501054 10.158660
14.501130 10.168756
14.501206 10.178843
14.501283 10.188921
14.501359 10.198991
14.501437 10.209051
14.501514 10.219102
14.501591 10.229144
14.501668 10.239177
14.501746 10.249197
14.501900 10.269206
14.502053 10.289181
14.502206 10.309119
14.502356 10.329020
14.502504 10.348884
14.502650 10.368711
14.502792 10.388501
14.502930 10.408254
14.503065 10.427970
14.503194 10.447648
14.503319 10.467288
14.503438 10.486891
14.503551 10.506455
14.503658 10.525982
14.503758 10.545471
14.503850 10.564921
14.503934 10.584333
14.504011 10.603707
14.504078 10.623042
14.504137 10.642338
14.504186 10.661595
14.504225 10.680814
14.504253 10.699993
14.504271 10.719133
14.504277 10.738233
14.504272 10.757294
14.504255 10.776315
14.504225 10.795297
14.504182 10.814238
14.504125 10.833139
14.504055 10.852000
14.503971 10.870821
14.503872 10.889601
14.503758 10.908340
14.503629 10.927039
14.503484 10.945697
14.503323 10.964313
14.503145 10.982888
14.502951 11.001422
14.502739 11.019914
14.502509 11.038365
14.502262 11.056773
14.501995 11.075140
14.501711 11.093464
14.501406 11.111746
14.501083 11.129986
14.500739 11.148183
14.500375 11.166346
14.499989 11.184544
14.499580 11.202857
14.499150 11.221305
14.498699 11.239891
14.498229 11.258614
14.497742 11.277475
14.497239 11.296475
14.496723 11.315614
14.496194 11.334892
14.495654 11.354311
14.495105 11.373870
14.494549 11.393570
14.493987 11.413394
14.493706 11.423341
14.493424 11.433332
14.493141 11.443360
14.492858 11.453422
14.492575 11.463521
14.492292 11.473655
14.492010 11.483825
14.491729 11.494031
14.491449 11.504272
14.491170 11.514549
14.490893 11.524863
14.490618 11.535212
14.490344 11.545597
14.490073 11.556019
14.489805 11.566476
14.489540 11.576969
14.489277 11.587499
14.489019 11.598065
14.488764 11.608667
14.488512 11.619305
14.488266 11.629980
14.488023 11.640691
14.487786 11.651438
14.487554 11.662222
14.487327 11.673042
14.487106 11.683899
14.486891 11.694792
14.486683 11.705721
14.486481 11.716687
14.486286 11.727690
14.486098 11.738729
14.485918 11.749805
14.485745 11.760917
14.485581 11.772066
14.485426 11.783251
14.485279 11.794474
14.485141 11.805733
14.485013 11.817028
14.484894 11.828360
14.484786 11.839729
14.484688 11.851135
14.484601 11.862577
14.484520 11.874821
14.484456 11.886354
14.484404 11.897923
14.484365 11.909530
14.484337 11.921173
14.484323 11.932853
14.484322 11.944569
14.484334 11.956323
14.484361 11.968112
14.484402 11.979939
14.484457 11.991802
14.484527 12.003702
14.484613 12.015638
14.484714 12.027611
14.484832 12.039621
14.484966 12.051667
14.485117 12.063750
14.485285 12.075869
14.485470 12.088025
14.485674 12.100217
14.485896 12.112445
14.486136 12.124710
14.486396 12.137011
14.486675 12.149349
14.486974 12.161722
14.487293 12.174132
14.487633 12.186578
14.487994 12.199060
14.488376 12.211578
14.488780 12.224133
14.489206 12.236723
14.489655 12.249349
14.490127 12.262010
14.490622 12.274708
14.491140 12.287441
14.491683 12.300210
14.492251 12.313014
14.492843 12.325854
14.493461 12.338729
14.494104 12.351639
14.494774 12.364585
14.495470 12.377566
14.496193 12.390581
14.496944 12.403632
14.497722 12.416717
14.498529 12.429838
14.499364 12.442992
14.500228 12.456182
14.501121 12.469405
14.502044 12.482663
14.502998 12.495955
14.503981 12.509276
14.504992 12.522573
14.506022 12.535772
14.507068 12.548846
14.508130 12.561795
14.509204 12.574620
14.510290 12.587321
14.511386 12.599899
14.512491 12.612353
14.513603 12.624683
14.514721 12.636890
14.515844 12.648975
14.516970 12.660936
14.518098 12.672775
14.519157 12.683771
14.520290 12.695427
14.521422 12.706960
14.522551 12.718371
14.523677 12.729659
14.524797 12.740824
14.525911 12.751867
14.527018 12.762788
14.528116 12.773585
14.529206 12.784260
14.530285 12.794812
14.531353 12.805241
14.532402 12.815481
14.534460 12.835581
14.536461 12.855204
14.538397 12.874330
14.540264 12.892957
14.542054 12.911080
14.543764 12.928698
14.545389 12.945807
14.546925 12.962402
14.548369 12.978479
14.549718 12.994034
14.550970 13.009062
14.552123 13.023558
14.553175 13.037517
14.554127 13.050932
14.554979 13.063799
14.555729 13.076111
14.556381 13.087862
14.556936 13.099046
14.557397 13.109657
14.557766 13.119688
14.558048 13.129135
14.558247 13.137989
14.558370 13.146247
14.558377 13.147285
14.557229 13.148514
14.554192 13.151693
14.551016 13.154945
14.547708 13.158262
14.544273 13.161634
14.540718 13.165051
14.537049 13.168505
14.533274 13.171985
14.529399 13.175484
14.525433 13.178993
14.521382 13.182503
14.517256 13.186007
14.513062 13.189496
14.508808 13.192962
14.504505 13.196398
14.500161 13.199796
14.495780 13.203153
14.491334 13.206490
14.486783 13.209836
14.482109 13.213203
14.477307 13.216593
14.472372 13.220006
14.467297 13.223445
14.462079 13.226911
14.456711 13.230405
14.451189 13.233928
14.445509 13.237480
14.439665 13.241062
14.433654 13.244675
14.427471 13.248318
14.421113 13.251992
14.414576 13.255696
14.407856 13.259430
14.400950 13.263194
14.393855 13.266987
14.386568 13.270809
14.379086 13.274659
14.371407 13.278536
14.363528 13.282440
14.355447 13.286369
14.347162 13.290323
14.338671 13.294301
14.329973 13.298302
14.321067 13.302324
14.311950 13.306368
14.302622 13.310431
14.293082 13.314514
14.283328 13.318614
14.273362 13.322732
14.263180 13.326865
14.252784 13.331014
14.242174 13.335177
14.231348 13.339354
14.220307 13.343543
14.209051 13.347744
14.197579 13.351957
14.185894 13.356180
14.173994 13.360413
14.161880 13.364656
14.149552 13.368907
14.137013 13.373168
14.124288 13.377427
14.111480 13.381652
14.098672 13.385814
14.085879 13.389908
14.073101 13.393936
14.060339 13.397895
14.047595 13.401786
14.034870 13.405608
14.022165 13.409362
14.009480 13.413045
13.996818 13.416659
13.984180 13.420203
13.971566 13.423677
13.958979 13.427079
13.946418 13.430411
13.933886 13.433671
13.921383 13.436860
13.908910 13.439977
13.896470 13.443022
13.884062 13.445995
13.871688 13.448896
13.859350 13.451724
13.847048 13.454479
13.834783 13.457161
13.822557 13.459771
13.810371 13.462307
13.798226 13.464770
13.786122 13.467160
13.774062 13.469476
13.762046 13.471719
13.750075 13.473889
13.738150 13.475985
13.726273 13.478008
13.714444 13.479958
13.702664 13.481834
13.690936 13.483637
13.679258 13.485367
13.667633 13.487024
13.656062 13.488607
13.644544 13.490118
13.633083 13.491556
13.621677 13.492922
13.610329 13.494215
13.599039 13.495437
13.587808 13.496586
13.576637 13.497664
13.565526 13.498670
13.554478 13.499605
13.543491 13.500469
13.532567 13.501262
13.521708 13.501986
13.510863 13.502642
13.499856 13.503242
13.488539 13.503792
13.476890 13.504293
13.464907 13.504744
13.452587 13.505144
13.439930 13.505492
13.426934 13.505788
13.413597 13.506031
13.399920 13.506223
13.385900 13.506363
13.371537 13.506452
13.356831 13.506490
13.341781 13.506479
13.326386 13.506419
13.310647 13.506312
13.294563 13.506160
13.278133 13.505964
13.261358 13.505727
13.244237 13.505451
13.226771 13.505139
13.208960 13.504793
13.190803 13.504417
13.172300 13.504013
13.153452 13.503585
13.134259 13.503138
13.114720 13.502675
13.094871 13.502200
13.084867 13.501961
13.074751 13.501721
13.064549 13.501479
13.054261 13.501238
13.043887 13.500996
13.033427 13.500757
13.022880 13.500518
13.012247 13.500283
13.001528 13.500050
12.990723 13.499822
12.979832 13.499597
12.968854 13.499378
12.957790 13.499165
12.946641 13.498959
12.935405 13.498760
12.924083 13.498569
12.912676 13.498387
12.900408 13.498204
12.888787 13.498043
12.877079 13.497893
12.865286 13.497756
12.853407 13.497632
12.841443 13.497522
12.829392 13.497427
12.817256 13.497348
12.805035 13.497286
12.792728 13.497241
12.780335 13.497215
12.767857 13.497209
12.755294 13.497224
12.742646 13.497259
12.729912 13.497318
12.717093 13.497400
12.704190 13.497506
12.691201 13.497639
12.678128 13.497797
12.664970 13.497984
12.651728 13.498199
12.638402 13.498444
12.624991 13.498720
12.611496 13.499028
12.597917 13.499369
12.584255 13.499744
12.570509 13.500155
12.556680 13.500602
12.542810 13.501085
12.529005 13.501601
12.515340 13.502144
12.501821 13.502714
12.488447 13.503307
12.475218 13.503921
12.462135 13.504555
12.449197 13.505208
12.436404 13.505876
12.423755 13.506559
12.411252 13.507254
12.398892 13.507961
12.386677 13.508677
12.374606 13.509400
12.362680 13.510130
12.350898 13.510865
12.339973 13.511557
12.328406 13.512301
12.316984 13.513045
12.305706 13.513789
12.294572 13.514531
12.283583 13.515269
12.272738 13.516003
12.262037 13.516731
12.251481 13.517453
12.241070 13.518166
12.220834 13.519555
12.201171 13.520900
12.182092 13.522193
12.163599 13.523429
12.145694 13.524600
12.128380 13.525702
12.111661 13.526731
12.095541 13.527681
12.080024 13.528550
12.065113 13.529336
12.050813 13.530036
12.037129 13.530649
12.024066 13.531176
12.011629 13.531616
11.999823 13.531971
11.988652 13.532243
11.978123 13.532434
11.968239 13.532549
11.959005 13.532592
11.950426 13.532569
11.942507 13.532486
11.935250 13.532350
11.928660 13.532169
11.922737 13.531954
11.917485 13.531712
11.912904 13.531456
11.909589 13.531236
11.908036 13.530590
11.905155 13.529353
11.901924 13.527922
11.898349 13.526292
11.894437 13.524459
11.890197 13.522417
11.885635 13.520163
11.880761 13.517694
11.875582 13.515007
11.870105 13.512100
11.864340 13.508971
11.858294 13.505618
11.851975 13.502041
11.845391 13.498238
11.838550 13.494211
11.831460 13.489958
11.824129 13.485480
11.816564 13.480779
11.808772 13.475855
11.800762 13.470709
11.792540 13.465343
11.784112 13.459759
11.775487 13.453959
11.766670 13.447944
11.757669 13.441719
11.748488 13.435284
11.739135 13.428644
11.729616 13.421800
11.719935 13.414755
11.710099 13.407514
11.700135 13.400094
11.690175 13.392596
11.680360 13.385125
11.670724 13.377708
11.661268 13.370345
11.651993 13.363039
11.642898 13.355790
11.633984 13.348600
11.625253 13.341470
11.616703 13.334402
11.608336 13.327398
11.600151 13.320459
11.592148 13.313586
11.584328 13.306781
11.576690 13.300045
11.569233 13.293380
11.561958 13.286787
11.554864 13.280268
11.547950 13.273824
11.541215 13.267456
11.534658 13.261166
11.528279 13.254956
11.522076 13.248825
11.516047 13.242776
11.510192 13.236810
11.504508 13.230927
11.498995 13.225129
11.493649 13.219416
11.488470 13.213789
11.483454 13.208249
11.478600 13.202797
11.473905 13.197432
11.469367 13.192156
11.464983 13.186967
11.460749 13.181867
11.456664 13.176855
11.452723 13.171931
11.448924 13.167094
11.445264 13.162343
11.441738 13.157678
11.438344 13.153098
11.435077 13.148601
11.431932 13.144183
11.428861 13.139779
11.425781 13.135268
11.422650 13.130588
11.419471 13.125736
11.416246 13.120711
11.412978 13.115515
11.409671 13.110148
11.406328 13.104610
11.402952 13.098903
11.399547 13.093027
11.396115 13.086984
11.392659 13.080775
11.389184 13.074401
11.385691 13.067865
11.382184 13.061167
11.378666 13.054310
11.375140 13.047296
11.371608 13.040127
11.368073 13.032805
11.364539 13.025332
11.361008 13.017712
11.357482 13.009946
11.353964 13.002037
11.350457 12.993988
11.346964 12.985802
11.343485 12.977481
11.340025 12.969029
11.336585 12.960449
11.333167 12.951743
11.329774 12.942916
11.326407 12.933969
11.323069 12.924907
11.319762 12.915733
11.316483 12.906440
11.313214 12.896969
11.309934 12.887259
11.306639 12.877294
11.303330 12.867070
11.300007 12.856587
11.296671 12.845842
11.293323 12.834833
11.289963 12.823560
11.286592 12.812021
11.283210 12.800214
11.279817 12.788140
11.276413 12.775796
11.272999 12.763184
11.269575 12.750301
11.266140 12.737147
11.262694 12.723724
11.259238 12.710029
11.255770 12.696064
11.252289 12.681828
11.248796 12.667321
11.245290 12.652545
11.241769 12.637498
11.238233 12.622182
11.234680 12.606596
11.231109 12.590742
11.227518 12.574620
11.223907 12.558230
11.220273 12.541574
11.216614 12.524651
11.212928 12.507463
11.209214 12.490010
11.205469 12.472293
11.201691 12.454313
11.197876 12.436071
11.194024 12.417567
11.190129 12.398802
11.186190 12.379778
11.182204 12.360494
11.178174 12.340986
11.176146 12.331166
11.174100 12.321267
11.172039 12.311304
11.169964 12.301276
11.167874 12.291187
11.165777 12.281071
11.163680 12.270969
11.161584 12.260884
11.159490 12.250814
11.157397 12.240761
11.155306 12.230724
11.153216 12.220703
11.151129 12.210698
11.149043 12.200709
11.146959 12.190736
11.144878 12.180779
11.142799 12.170838
11.140722 12.160913
11.138648 12.151004
11.136576 12.141110
11.134507 12.131233
11.132441 12.121371
11.130377 12.111525
11.128317 12.101695
11.126260 12.091880
11.124207 12.082088
11.120113 12.062556
11.116032 12.043083
11.111966 12.023672
11.107916 12.004323
11.103882 11.985036
11.099866 11.965811
11.095867 11.946647
11.091887 11.927544
11.087927 11.908502
11.083987 11.889521
11.080068 11.870600
11.076171 11.851739
11.072296 11.832939
11.068444 11.814198
11.064616 11.795517
11.060812 11.776896
11.057034 11.758334
11.053282 11.739830
11.049556 11.721386
11.045858 11.703000
11.042187 11.684673
11.038545 11.666403
11.034933 11.648192
11.031350 11.630039
11.027797 11.611943
11.024276 11.593904
11.020786 11.575922
11.017328 11.557997
11.013904 11.540129
11.010512 11.522318
11.007155 11.504562
11.003833 11.486863
11.000545 11.469220
10.997293 11.451632
10.994078 11.434099
10.990899 11.416621
10.987758 11.399198
10.984654 11.381830
10.981589 11.364517
10.978561 11.347251
10.975562 11.329977
10.972577 11.312617
10.969601 11.295142
10.966632 11.277554
10.963671 11.259854
10.960715 11.242040
10.957764 11.224114
10.954817 11.206077
10.951874 11.187927
10.948932 11.169667
10.945991 11.151296
10.943049 11.132815
10.940107 11.114225
10.937162 11.095524
10.934213 11.076715
10.931260 11.057797
10.928300 11.038770
10.925334 11.019636
10.922359 11.000395
10.919374 10.981046
10.916379 10.961590
10.913371 10.942029
10.910349 10.922361
10.907314 10.902597
10.905793 10.892693
10.904266 10.882754
10.902735 10.872789
10.901199 10.862798
10.899659 10.852781
10.898113 10.842737
10.896563 10.832668
10.895007 10.822572
10.893445 10.812451
10.891878 10.802304
10.890304 10.792131
10.888725 10.781932
10.887140 10.771708
10.885547 10.761458
10.883949 10.751182
10.882343 10.740880
10.880730 10.730554
10.879110 10.720201
10.877482 10.709823
10.875847 10.699420
10.874204 10.688991
10.872553 10.678538
10.870893 10.668058
10.869225 10.657554
10.867549 10.647024
10.865863 10.636470
10.864168 10.625890
10.862464 10.615285
10.860750 10.604655
10.859027 10.594000
10.857293 10.583321
10.855549 10.572616
10.853795 10.561887
10.852030 10.551132
10.850255 10.540354
10.848468 10.529550
10.846670 10.518722
10.844860 10.507869
10.843038 10.496992
10.841205 10.486090
10.839359 10.475163
10.837500 10.464213
10.835629 10.453238
10.833745 10.442238
10.831847 10.431214
10.829937 10.420167
10.828012 10.409095
10.826074 10.397998
10.824121 10.386878
10.822154 10.375734
10.820172 10.364565
10.818175 10.353373
10.816163 10.342157
10.814136 10.330917
10.811959 10.318914
10.809896 10.307613
10.807818 10.296288
10.805723 10.284940
10.803611 10.273568
10.801482 10.262173
10.799336 10.250754
10.797172 10.239312
10.794990 10.227846
10.792790 10.216357
10.790572 10.204845
10.788335 10.193310
10.786080 10.181751
10.783805 10.170170
10.781510 10.158565
10.779196 10.146937
10.776862 10.135287
10.774507 10.123613
10.772132 10.111917
10.769736 10.100200
10.767323 10.088479
10.764897 10.076773
10.762459 10.065088
10.760009 10.053425
10.757547 10.041782
10.755075 10.030160
10.752591 10.018559
10.750096 10.006979
10.747590 9.995420
10.745073 9.983882
10.742546 9.972364
10.740009 9.960867
10.737462 9.949390
10.734904 9.937934
10.732337 9.926498
10.729761 9.915083
10.727174 9.903687
10.724579 9.892312
10.721974 9.880957
10.719361 9.869622
10.716738 9.858307
10.714107 9.847012
10.711468 9.835736
10.708820 9.824481
10.706165 9.813244
10.703501 9.802028
10.700829 9.790831
10.698150 9.779653
10.695463 9.768494
10.692769 9.757355
10.690243 9.746955
10.687533 9.735844
10.684817 9.724752
10.682093 9.713680
10.679364 9.702626
10.676627 9.691590
10.673885 9.680573
10.671136 9.669575
10.668382 9.658594
10.665621 9.647632
10.662855 9.636688
10.660084 9.625763
10.657307 9.614855
10.654525 9.603965
10.651738 9.593092
10.648946 9.582237
10.646149 9.571400
10.643348 9.560580
10.640542 9.549778
10.637732 9.538992
10.634917 9.528224
10.632099 9.517473
10.629277 9.506738
10.626450 9.496020
10.623621 9.485319
10.620787 9.474634
10.617951 9.463966
10.615111 9.453314
10.612268 9.442678
10.609422 9.432058
10.606573 9.421455
10.603722 9.410866
10.600867 9.400294
10.598011 9.389737
10.595152 9.379196
10.592291 9.368670
10.589428 9.358159
10.586563 9.347663
10.583696 9.337182
10.580827 9.326716
10.577957 9.316265
10.575086 9.305828
10.572213 9.295405
10.569338 9.284997
10.566463 9.274603
10.563587 9.264223
10.560710 9.253858
10.557832 9.243505
10.554953 9.233167
10.552074 9.222842
10.549195 9.212530
10.546315 9.202232
10.543435 9.191945
10.540532 9.181595
10.537577 9.171076
10.534565 9.160381
10.531495 9.149511
10.528366 9.138467
10.524950 9.126456
10.521672 9.114981
10.518331 9.103335
10.514923 9.091519
10.511447 9.079533
10.507901 9.067379
10.504284 9.055056
10.500593 9.042567
10.496826 9.029912
10.492981 9.017091
10.489056 9.004105
10.485048 8.990955
10.480954 8.977642
10.476773 8.964165
10.472502 8.950527
10.468138 8.936727
10.463678 8.922766
10.459119 8.908646
10.454459 8.894366
10.449695 8.879927
10.444823 8.865330
10.439840 8.850576
10.434743 8.835665
10.429529 8.820598
10.424195 8.805376
10.418736 8.790000
10.413149 8.774471
10.407431 8.758789
10.401578 8.742955
10.395586 8.726971
10.389451 8.710837
10.383170 8.694555
10.376737 8.678125
10.370150 8.661549
10.363403 8.644829
10.356493 8.627965
10.349415 8.610960
10.342165 8.593814
10.334739 8.576529
10.327131 8.559108
10.319337 8.541552
10.311353 8.523863
10.303174 8.506044
10.294795 8.488096
10.286211 8.470022
10.277418 8.451826
10.268410 8.433508
10.259184 8.415074
10.249733 8.396525
10.240053 8.377864
10.230140 8.359097
10.219988 8.340225
10.209592 8.321253
10.198948 8.302186
10.188050 8.283027
10.176895 8.263780
10.165477 8.244452
10.153791 8.225046
10.141834 8.205567
10.129601 8.186022
10.117087 8.166417
10.104289 8.146755
10.091201 8.127045
10.077822 8.107293
10.064145 8.087504
10.050169 8.067686
10.035890 8.047846
10.021304 8.027992
10.006409 8.008130
9.991202 7.988270
9.975707 7.968451
9.960007 7.948787
9.944171 7.929358
9.928211 7.910172
9.912129 7.891229
9.895932 7.872525
9.879621 7.854061
9.863201 7.835832
9.846674 7.817839
9.830045 7.800078
9.813317 7.782548
9.796492 7.765246
9.779574 7.748172
9.762565 7.731322
9.745468 7.714695
9.728286 7.698288
9.711021 7.682100
9.693675 7.666129
9.676252 7.650372
9.658753 7.634827
9.641180 7.619493
9.623535 7.604366
9.605821 7.589446
9.588038 7.574730
9.570189 7.560216
9.552275 7.545902
9.534299 7.531786
9.516260 7.517866
9.498162 7.504140
9.480004 7.490607
9.461789 7.477264
9.443517 7.464110
9.425190 7.451142
9.406808 7.438360
9.388373 7.425761
9.369886 7.413344
9.351346 7.401106
9.332756 7.389047
9.314116 7.377164
9.295426 7.365457
9.276687 7.353924
9.257900 7.342562
9.239065 7.331372
9.220182 7.320350
9.201253 7.309497
9.182276 7.298811
9.163254 7.288290
9.144185 7.277934
9.125070 7.267740
9.105910 7.257709
9.086704 7.247839
9.067452 7.238128
9.048155 7.228577
9.028812 7.219183
9.009424 7.209947
8.989990 7.200867
8.970511 7.191942
8.950986 7.183172
8.931414 7.174557
8.911797 7.166094
8.892133 7.157785
8.872422 7.149627
8.852664 7.141622
8.832859 7.133767
8.813006 7.126064
8.793104 7.118511
8.773154 7.111108
8.753155 7.103856
8.733106 7.096753
8.713007 7.089800
8.692857 7.082996
8.672656 7.076342
8.652419 7.069843
8.632213 7.063519
8.612099 7.057385
8.592090 7.051442
8.572189 7.045685
8.552399 7.040112
8.532725 7.034719
8.513168 7.029502
8.493733 7.024457
8.474422 7.019582
8.455238 7.014872
8.436183 7.010323
8.417260 7.005933
8.398472 7.001697
8.379821 6.997611
8.361308 6.993672
8.342936 6.989877
8.324707 6.986221
8.306623 6.982700
8.288685 6.979312
8.270894 6.976052
8.253254 6.972916
8.235764 6.969902
8.218426 6.967005
8.201242 6.964223
8.184212 6.961550
8.167338 6.958985
8.150621 6.956523
8.134061 6.954162
8.117659 6.951897
8.101416 6.949726
8.085333 6.947645
8.069411 6.945650
8.053649 6.943740
8.038049 6.941911
8.022611 6.940159
8.007336 6.938482
7.992223 6.936876
7.977274 6.935339
7.962488 6.933869
7.947866 6.932461
7.933408 6.931114
7.919115 6.929825
7.904985 6.928591
7.891021 6.927410
7.877221 6.926278
7.863586 6.925195
7.850117 6.924157
7.836812 6.923162
7.823673 6.922207
7.810699 6.921292
7.797891 6.920412
7.785248 6.919568
7.772771 6.918755
7.760459 6.917973
7.748313 6.917219
7.736332 6.916492
7.724518 6.915790
7.712869 6.915111
7.702067 6.914492
7.690667 6.913849
7.679432 6.913224
7.668363 6.912617
7.657461 6.912025
7.646724 6.911446
7.636155 6.910881
7.625751 6.910327
7.615515 6.909783
7.605598 6.909257
7.586131 6.908219
7.567328 6.907204
7.549194 6.906206
7.531730 6.905217
7.514939 6.904233
7.498776 6.903247
7.482784 6.902225
7.466333 6.901131
7.449201 6.899953
7.431386 6.898697
7.412888 6.897368
7.393708 6.895975
7.373916 6.894531
7.363864 6.893797
7.353591 6.893049
7.343148 6.892292
7.332533 6.891526
7.321747 6.890753
7.310789 6.889975
7.299660 6.889192
7.288360 6.888408
7.276075 6.887566
7.264345 6.886776
7.252442 6.885989
7.240366 6.885207
7.228119 6.884431
7.215698 6.883663
7.203104 6.882906
7.190338 6.882161
7.177398 6.881430
7.164284 6.880717
7.150997 6.880022
7.137535 6.879348
7.123900 6.878698
7.110090 6.878074
7.096106 6.877479
7.081947 6.876915
7.067613 6.876384
7.053105 6.875890
7.038421 6.875434
7.023563 6.875021
7.008529 6.874652
6.993320 6.874332
6.977936 6.874062
6.962377 6.873845
6.946643 6.873686
6.930734 6.873586
6.914651 6.873550
6.898393 6.873581
6.881961 6.873681
6.865355 6.873855
6.848576 6.874106
6.831624 6.874437
6.814499 6.874852
6.797203 6.875354
6.779736 6.875948
6.762098 6.876637
6.744291 6.877425
6.726316 6.878315
6.708172 6.879312
6.689863 6.880419
6.671389 6.881640
6.652751 6.882980
6.633950 6.884442
6.614989 6.886030
6.595869 6.887748
6.576592 6.889600
6.557159 6.891591
6.537573 6.893724
6.517836 6.896004
6.497951 6.898434
6.477919 6.901019
6.457744 6.903762
6.437428 6.906668
6.416973 6.909740
6.396384 6.912983
6.375663 6.916400
6.354814 6.919995
6.333840 6.923772
6.312778 6.927728
6.291691 6.931854
6.270614 6.936144
6.249547 6.940599
6.228490 6.945218
6.207441 6.950004
6.186400 6.954956
6.165366 6.960076
6.144338 6.965365
6.123315 6.970824
6.102298 6.976455
6.081285 6.982257
6.060277 6.988234
6.039271 6.994386
6.018268 7.000715
5.997268 7.007222
5.976271 7.013910
5.955275 7.020779
5.934280 7.027832
5.913288 7.035070
5.892296 7.042496
5.871306 7.050112
5.850316 7.057920
5.829328 7.065921
5.808341 7.074119
5.787356 7.082515
5.766372 7.091112
5.745390 7.099913
5.724410 7.108919
5.703433 7.118135
5.682459 7.127562
5.661488 7.137203
5.640522 7.147061
5.619561 7.157140
5.598606 7.167441
5.577658 7.177969
5.556718 7.188726
5.535787 7.199716
5.514867 7.210941
5.493958 7.222406
5.473062 7.234113
5.452181 7.246067
5.431317 7.258270
5.410471 7.270727
5.389645 7.283440
5.368842 7.296414
5.348064 7.309652
5.327313 7.323158
5.306593 7.336936
5.285904 7.350990
5.265252 7.365323
5.244639 7.379940
5.224067 7.394844
5.203542 7.410039
5.183066 7.425529
5.162643 7.441317
5.142277 7.457408
5.121973 7.473806
5.101736 7.490513
5.081570 7.507535
5.061480 7.524873
5.041471 7.542533
5.021549 7.560517
5.001719 7.578829
4.981988 7.597471
4.962362 7.616447
4.942848 7.635759
4.923517 7.655346
4.904511 7.675058
4.885916 7.694798
4.867733 7.714545
4.849959 7.734289
4.832588 7.754016
4.815617 7.773716
4.799041 7.793377
4.782854 7.812988
4.767051 7.832540
4.751625 7.852023
4.736571 7.871426
4.721882 7.890742
4.707551 7.909962
4.693572 7.929077
4.679937 7.948081
4.666640 7.966965
4.653674 7.985723
4.641031 8.004349
4.628704 8.022837
4.616686 8.041180
4.604970 8.059374
4.593548 8.077412
4.582414 8.095292
4.571560 8.113007
4.560979 8.130554
4.550664 8.147929
4.540608 8.165128
4.530805 8.182148
4.521248 8.198986
4.511930 8.215638
4.502844 8.232101
4.493985 8.248374
4.485347 8.264453
4.476922 8.280336
4.468706 8.296022
4.460692 8.311507
4.452876 8.326790
4.445251 8.341869
4.437812 8.356742
4.430554 8.371408
4.423473 8.385864
4.416563 8.400110
4.409820 8.414144
4.403238 8.427964
4.396815 8.441568
4.390546 8.454957
4.384426 8.468127
4.378452 8.481077
4.372620 8.493808
4.366927 8.506315
4.361369 8.518600
4.355944 8.530659
4.350647 8.542493
4.345477 8.554099
4.340431 8.565475
4.335505 8.576621
4.330698 8.587535
4.326274 8.597607
4.321311 8.608936
4.316598 8.619723
4.311843 8.630640
4.307047 8.641686
4.302211 8.652864
4.297337 8.664172
4.292426 8.675613
4.287479 8.687187
4.282498 8.698894
4.277484 8.710735
4.272439 8.722711
4.267365 8.734823
4.262262 8.747072
4.257133 8.759458
4.251979 8.771983
4.246802 8.784647
4.241604 8.797451
4.236386 8.810396
4.231151 8.823483
4.225899 8.836714
4.220634 8.850089
4.215357 8.863609
4.210070 8.877275
4.204774 8.891088
4.199473 8.905050
4.194169 8.919161
4.188862 8.933422
4.183557 8.947835
4.178254 8.962401
4.172957 8.977120
4.167668 8.991994
4.162388 9.007025
4.157122 9.022212
4.151871 9.037557
4.146638 9.053061
4.141426 9.068726
4.136237 9.084551
4.131074 9.100539
4.125941 9.116690
4.120840 9.133005
4.115773 9.149486
4.110745 9.166132
4.105759 9.182945
4.100817 9.199926
4.095922 9.217076
4.091079 9.234394
4.086291 9.251883
4.081560 9.269542
4.076891 9.287372
4.072287 9.305374
4.067752 9.323548
4.063290 9.341894
4.058904 9.360413
4.054598 9.379105
4.050376 9.397970
4.046242 9.417008
4.042200 9.436219
4.038255 9.455602
4.034410 9.475158
4.030669 9.494886
4.027037 9.514786
4.023518 9.534857
4.020119 9.555082
4.016862 9.575344
4.013768 9.595497
4.010840 9.615499
4.008074 9.635347
4.005464 9.655039
4.003006 9.674574
4.000695 9.693950
3.998528 9.713165
3.996499 9.732217
3.994605 9.751107
3.992841 9.769832
3.991203 9.788391
3.989686 9.806784
3.988287 9.825009
3.987001 9.843067
3.985824 9.860956
3.984752 9.878675
3.983782 9.896226
3.982909 9.913606
3.982129 9.930816
3.981440 9.947855
3.980836 9.964724
3.980315 9.981421
3.979872 9.997948
3.979505 10.014304
3.979210 10.030490
3.978984 10.046504
3.978823 10.062348
3.978724 10.078021
3.978684 10.093524
3.978700 10.108857
3.978768 10.124020
3.978887 10.139013
3.979053 10.153836
3.979263 10.168491
3.979515 10.182977
3.979805 10.197294
3.980132 10.211443
3.980492 10.225424
3.980884 10.239237
3.981304 10.252883
3.981751 10.266361
3.982222 10.279673
3.982715 10.292818
3.983228 10.305797
3.983759 10.318610
3.984305 10.331257
3.984865 10.343738
3.985436 10.356054
3.986018 10.368204
3.986607 10.380190
3.987203 10.392010
3.987765 10.402923
3.988372 10.414497
3.988980 10.425907
3.989589 10.437151
3.990196 10.448231
3.990800 10.459147
3.991399 10.469897
3.991993 10.480483
3.992580 10.490905
3.993157 10.501113
3.994274 10.520925
3.995347 10.540116
3.996366 10.558644
3.997325 10.576506
3.998218 10.593701
3.999038 10.610225
3.999783 10.626075
4.000448 10.641248
4.001035 10.655797
4.001553 10.670074
4.002020 10.684468
4.002439 10.699075
4.002810 10.713896
4.003134 10.728931
4.003412 10.744182
4.003645 10.759650
4.003834 10.775335
4.003980 10.791239
4.004084 10.807361
4.004148 10.823703
4.004173 10.840266
4.004160 10.857049
4.004111 10.874054
4.004027 10.891282
4.003912 10.908732
4.003765 10.926405
4.003590 10.944301
4.003389 10.962422
4.003163 10.980767
4.002915 10.999337
4.002648 11.018133
4.002363 11.037154
4.002064 11.056401
4.001754 11.075875
4.001435 11.095576
4.001110 11.115469
4.000947 11.125478
4.000784 11.135555
4.000620 11.145689
4.000457 11.155880
4.000295 11.166129
4.000134 11.176434
3.999975 11.186797
3.999819 11.197217
3.999664 11.207694
3.999513 11.218228
3.999366 11.228820
3.999222 11.239469
3.999083 11.250175
3.998949 11.260939
3.998820 11.271761
3.998697 11.282639
3.998580 11.293576
3.998470 11.304570
3.998368 11.315621
3.998273 11.326731
3.998187 11.337897
3.998110 11.349122
3.998042 11.360404
3.997985 11.371744
3.997937 11.383142
3.997899 11.395373
3.997875 11.406916
3.997864 11.418516
3.997866 11.430174
3.997881 11.441891
3.997910 11.453665
3.997954 11.465497
3.998013 11.477386
3.998088 11.489334
3.998180 11.501340
3.998288 11.513403
3.998415 11.525524
3.998560 11.537704
3.998724 11.549941
3.998907 11.562236
3.999111 11.574589
3.999336 11.586999
3.999583 11.599468
3.999852 11.611994
4.000144 11.624578
4.000460 11.637216
4.000799 11.649880
4.001162 11.662539
4.001546 11.675181
4.001952 11.687807
4.002381 11.700417
4.002831 11.713010
4.003302 11.725588
4.003795 11.738149
4.004309 11.750694
4.004844 11.763223
4.005400 11.775736
4.005977 11.788232
4.006573 11.800713
4.007190 11.813176
4.007828 11.825624
4.008484 11.838055
4.009161 11.850471
4.009857 11.862869
4.010572 11.875252
4.011307 11.887618
4.012060 11.899968
4.012832 11.912301
4.013623 11.924618
4.014432 11.936919
4.015259 11.949204
4.016105 11.961472
4.016968 11.973724
4.017849 11.985959
4.018747 11.998178
4.019663 12.010381
4.020595 12.022567
4.021545 12.034737
4.022512 12.046891
4.023495 12.059028
4.024495 12.071150
4.025511 12.083254
4.026543 12.095343
4.027590 12.107415
4.028654 12.119470
4.029733 12.131510
4.030828 12.143533
4.031938 12.155540
4.033063 12.167530
4.034203 12.179504
4.035357 12.191462
4.036527 12.203404
4.037710 12.215329
4.038908 12.227238
4.040120 12.239131
4.041345 12.251007
4.042585 12.262868
4.043838 12.274712
4.045104 12.286539
4.046384 12.298351
4.047677 12.310146
4.048983 12.321926
4.050301 12.333688
4.051632 12.345435
4.052976 12.357166
4.054331 12.368880
4.055699 12.380579
4.057079 12.392261
4.058471 12.403927
4.059874 12.415577
4.061289 12.427211
4.062715 12.438828
4.064152 12.450430
4.065600 12.462016
4.067059 12.473585
4.068529 12.485139
4.070009 12.496676
4.071500 12.508198
4.073001 12.519703
4.074512 12.531193
4.076033 12.542666
4.077564 12.554124
4.079004 12.564822
4.080554 12.576256
4.082114 12.587674
4.083683 12.599075
4.085261 12.610461
4.086848 12.621831
4.088443 12.633185
4.090047 12.644523
4.091660 12.655846
4.093281 12.667152
4.094910 12.678443
4.096547 12.689718
4.098192 12.700977
4.099845 12.712220
4.101506 12.723448
4.103174 12.734660
4.104849 12.745856
4.106531 12.757036
4.108221 12.768201
4.109917 12.779350
4.111620 12.790483
4.113330 12.801601
4.115046 12.812703
4.116769 12.823789
4.118497 12.834860
4.120228 12.845888
4.121953 12.856834
4.123672 12.867695
4.125383 12.878471
4.127087 12.889162
4.128782 12.899768
4.130467 12.910289
4.132143 12.920725
4.133808 12.931077
4.135461 12.941343
4.137103 12.951525
4.138732 12.961622
4.141935 12.981469
4.145082 13.000985
4.148167 13.020162
4.151186 13.038999
4.154136 13.057497
4.157011 13.075654
4.159809 13.093470
4.162526 13.110945
4.165159 13.128077
4.167706 13.144866
4.170164 13.161311
4.172530 13.177411
4.174803 13.193165
4.176979 13.208571
4.179059 13.223629
4.181040 13.238336
4.182921 13.252693
4.184701 13.266697
4.186380 13.280348
4.187958 13.293643
4.189433 13.306582
4.190807 13.319163
4.192080 13.331386
4.193253 13.343249
4.194326 13.354751
4.195301 13.365891
4.196180 13.376669
4.196964 13.387084
4.197656 13.397136
4.198257 13.406824
4.198772 13.416148
4.199201 13.425109
4.199550 13.433708
4.199821 13.441945
4.200018 13.449821
4.200145 13.457339
4.200207 13.464500
4.200206 13.471308
4.200149 13.477777
4.200037 13.483998
4.199873 13.490072
4.199657 13.496026
4.199390 13.501859
4.199075 13.507575
4.198713 13.513174
4.198424 13.517071
4.196446 13.518130
4.183252 13.525244
4.169647 13.532636
4.155638 13.540312
4.141233 13.548278
4.129778 13.554675
4.119643 13.550836
4.102468 13.544440
4.085536 13.538238
4.068853 13.532225
4.052425 13.526397
4.036254 13.520749
4.020347 13.515274
4.004706 13.509969
3.989337 13.504829
3.974242 13.499848
3.959425 13.495022
3.944889 13.490346
3.930638 13.485815
3.916674 13.481425
3.903000 13.477172
3.889617 13.473051
3.876529 13.469058
3.863737 13.465189
3.851244 13.461440
3.839050 13.457807
3.827157 13.454287
3.815567 13.450877
3.804281 13.447572
3.793964 13.444563
3.783135 13.441416
3.772611 13.438365
3.762393 13.435410
3.752482 13.432546
3.743110 13.429838
3.725155 13.424645
3.716653 13.422175
3.714614 13.415669
3.709226 13.398358
3.703622 13.380257
3.697794 13.361373
3.691769 13.341825
3.688693 13.331846
3.685543 13.321634
3.682331 13.311233
3.679054 13.300642
3.675712 13.289863
3.672303 13.278897
3.668598 13.267013
3.665019 13.255577
3.661367 13.243955
3.657640 13.232148
3.653835 13.220156
3.649952 13.207980
3.645987 13.195621
3.641937 13.183079
3.637801 13.170354
3.633576 13.157447
3.629258 13.144359
3.624846 13.131091
3.620362 13.117719
3.615864 13.104421
3.611394 13.091310
3.606956 13.078394
3.602554 13.065673
3.598190 13.053146
3.593866 13.040813
3.589585 13.028674
3.585350 13.016728
3.581161 13.004976
3.577023 12.993416
3.572937 12.982050
3.568904 12.970875
3.565170 12.960564
3.561220 12.949684
3.557329 12.938996
3.553499 12.928499
3.549732 12.918194
3.546030 12.908080
3.542395 12.898157
3.538828 12.888426
3.531992 12.869779
3.525424 12.851841
3.519156 12.834670
3.513196 12.818267
3.507551 12.802634
3.502227 12.787772
3.497229 12.773684
3.492560 12.760373
3.488223 12.747840
3.484219 12.736090
3.480546 12.725126
3.477203 12.714950
3.474185 12.705565
3.471488 12.696975
3.469104 12.689181
3.467026 12.682187
3.465243 12.675992
3.463743 12.670597
3.462513 12.666003
3.461538 12.662206
3.460798 12.659189
3.460206 12.656651
3.459634 12.654070
3.459030 12.651189
3.458396 12.647993
3.457738 12.644476
3.457060 12.640631
3.456369 12.636454
3.455668 12.631938
3.454964 12.627081
3.454261 12.621878
3.453564 12.616326
3.452879 12.610422
3.452210 12.604165
3.451562 12.597553
3.450939 12.590584
3.450346 12.583258
3.449788 12.575574
3.449267 12.567532
3.448788 12.559133
3.448354 12.550377
3.447969 12.541265
3.447636 12.531797
3.447357 12.521976
3.447135 12.511803
3.446973 12.501279
3.446873 12.490407
3.446837 12.479188
3.446865 12.467624
3.446960 12.455718
3.447123 12.443472
3.447355 12.430888
3.447656 12.417969
3.448027 12.404717
3.448468 12.391134
3.448979 12.377224
3.449560 12.362988
3.450210 12.348430
3.450929 12.333551
3.451716 12.318354
3.452570 12.302841
3.453489 12.287015
3.454473 12.270878
3.455520 12.254431
3.456627 12.237678
3.457793 12.220621
3.459015 12.203260
3.460292 12.185598
3.461620 12.167638
3.462998 12.149379
3.464422 12.130825
3.465889 12.111977
3.467395 12.092835
3.468939 12.073402
3.470515 12.053678
3.472121 12.033665
3.473749 12.013417
3.474569 12.003203
3.475395 11.992908
3.476226 11.982542
3.477060 11.972104
3.477898 11.961594
3.478738 11.951013
3.479581 11.940360
3.480425 11.929636
3.481271 11.918840
3.482116 11.907974
3.482962 11.897036
3.483807 11.886027
3.484651 11.874946
3.485492 11.863795
3.486331 11.852572
3.487167 11.841278
3.487999 11.829913
3.488826 11.818477
3.489648 11.806969
3.490517 11.794638
3.491328 11.782951
3.492131 11.771193
3.492926 11.759364
3.493713 11.747463
3.494489 11.735491
3.495255 11.723447
3.496010 11.711332
3.496753 11.699145
3.497482 11.686897
3.498195 11.674629
3.498889 11.662376
3.499564 11.650145
3.500222 11.637935
3.500861 11.625745
3.501482 11.613577
3.502085 11.601430
3.502671 11.589304
3.503239 11.577199
3.503790 11.565116
3.504325 11.553053
3.504842 11.541012
3.505343 11.528992
3.505828 11.516994
3.506297 11.505017
3.506750 11.493061
3.507187 11.481126
3.507608 11.469213
3.508014 11.457321
3.508406 11.445451
3.508782 11.433602
3.509144 11.421774
3.509491 11.409968
3.509824 11.398184
3.510142 11.386420
3.510447 11.374679
3.510738 11.362959
3.511016 11.351260
3.511281 11.339583
3.511532 11.327927
3.511770 11.316293
3.511996 11.304681
3.512210 11.293090
3.512411 11.281521
3.512599 11.269973
3.512765 11.259189
3.512931 11.247674
3.513086 11.236181
3.513229 11.224710
3.513361 11.213260
3.513482 11.201832
3.513592 11.190426
3.513692 11.179041
3.513781 11.167677
3.513860 11.156335
3.513929 11.145015
3.513988 11.133716
3.514038 11.122439
3.514078 11.111183
3.514109 11.099949
3.514130 11.088737
3.514143 11.077546
3.514147 11.066376
3.514142 11.055228
3.514129 11.044102
3.514108 11.032997
3.514079 11.021914
3.514042 11.010852
3.513997 10.999812
3.513945 10.988793
3.513886 10.977795
3.513819 10.966820
3.513745 10.955865
3.513665 10.944932
3.513578 10.934021
3.513485 10.923130
3.513385 10.912262
3.513279 10.901414
3.513168 10.890588
3.513051 10.879784
3.512928 10.869001
3.512799 10.858239
3.512666 10.847498
3.512527 10.836779
3.512383 10.826081
3.512235 10.815404
3.512082 10.804749
3.511925 10.794115
3.511763 10.783502
3.511598 10.772910
3.511428 10.762340
3.511255 10.751790
3.511078 10.741262
3.510897 10.730755
3.510714 10.720269
3.510527 10.709804
3.510337 10.699361
3.510144 10.688938
3.509949 10.678536
3.509751 10.668156
3.509551 10.657796
3.509349 10.647457
3.509144 10.637140
3.508938 10.626843
3.508730 10.616567
3.508520 10.606312
3.508309 10.596078
3.508096 10.585865
3.507882 10.575672
3.507668 10.565500
3.507452 10.555349
3.507236 10.545219
3.507019 10.535110
3.506801 10.525021
3.506583 10.514953
3.506366 10.504905
3.506148 10.494879
3.505930 10.484872
3.505712 10.474887
3.505279 10.455002
3.504848 10.435195
3.504421 10.415469
3.503998 10.395825
3.503582 10.376262
3.503172 10.356779
3.502769 10.337378
3.502376 10.318057
3.501992 10.298816
3.501620 10.279656
3.501259 10.260575
3.500910 10.241573
3.500575 10.222651
3.500255 10.203808
3.499950 10.185041
3.499661 10.166323
3.499387 10.147601
3.499128 10.128852
3.498883 10.110074
3.498652 10.091269
3.498435 10.072436
3.498232 10.053575
3.498042 10.034686
3.497865 10.015769
3.497700 9.996824
3.497548 9.977852
3.497409 9.958853
3.497281 9.939825
3.497165 9.920771
3.497060 9.901689
3.496966 9.882580
3.496883 9.863444
3.496811 9.844281
3.496748 9.825091
3.496696 9.805873
3.496653 9.786629
3.496620 9.767358
3.496595 9.748061
3.496579 9.728737
3.496572 9.709386
3.496573 9.690008
3.496582 9.670605
3.496598 9.651174
3.496622 9.631718
3.496652 9.612235
3.496690 9.592726
3.496733 9.573191
3.496783 9.553630
3.496838 9.534043
3.496899 9.514430
3.496965 9.494792
3.497035 9.475127
3.497111 9.455437
3.497190 9.435721
3.497273 9.415980
3.497360 9.396213
3.497451 9.376421
3.497544 9.356603
3.497639 9.336760
3.497737 9.316892
3.497837 9.296998
3.497939 9.277080
3.498042 9.257136
3.498146 9.237167
3.498251 9.217174
3.498356 9.197159
3.498408 9.187145
3.498461 9.177123
3.498513 9.167095
3.498565 9.157061
3.498618 9.147021
3.498670 9.136974
3.498721 9.126922
3.498773 9.116863
3.498824 9.106798
3.498875 9.096727
3.498925 9.086650
3.498975 9.076567
3.499024 9.066477
3.499073 9.056382
3.499121 9.046280
3.499169 9.036172
3.499216 9.026059
3.499263 9.015939
3.499308 9.005813
3.499353 8.995681
3.499397 8.985543
3.499440 8.975399
3.499482 8.965248
3.499524 8.955092
3.499564 8.944930
3.499603 8.934761
3.499641 8.924587
3.499678 8.914407
3.499714 8.904220
3.499749 8.894028
3.499782 8.883830
3.499814 8.873625
3.499845 8.863415
3.499874 8.853199
3.499902 8.842976
3.499929 8.832748
3.499954 8.822514
3.499977 8.812274
3.499999 8.802028
3.500019 8.791778
3.500038 8.781532
3.500055 8.771290
3.500070 8.761052
3.500084 8.750819
3.500096 8.740591
3.500107 8.730366
3.500116 8.720147
3.500124 8.709931
3.500131 8.699720
3.500136 8.689514
3.500140 8.679312
3.500143 8.669114
3.500144 8.658921
3.500144 8.648732
3.500143 8.638548
3.500140 8.628368
3.500137 8.618192
3.500132 8.608021
3.500127 8.597854
3.500120 8.587692
3.500112 8.577534
3.500103 8.567381
3.500094 8.557231
3.500083 8.547087
3.500071 8.536947
3.500059 8.526811
3.500046 8.516679
3.500031 8.506552
3.500017 8.496429
3.500001 8.486311
3.499984 8.476197
3.499967 8.466088
3.499949 8.455983
3.499931 8.445882
3.499912 8.435786
3.499892 8.425694
3.499872 8.415607
3.499851 8.405523
3.499830 8.395445
3.499808 8.385370
3.499786 8.375300
3.499763 8.365235
3.499740 8.355174
3.499717 8.345117
3.499693 8.335065
3.499669 8.325016
3.499644 8.314973
3.499620 8.304934
3.499595 8.294899
3.499570 8.284868
3.499545 8.274842
3.499520 8.264820
3.499494 8.254803
3.499469 8.244790
3.499444 8.234781
3.499418 8.224778
3.499367 8.204787
3.499317 8.184814
3.499267 8.164857
3.499217 8.144918
3.499169 8.124996
3.499121 8.105092
3.499075 8.085205
3.499031 8.065336
3.498989 8.045484
3.498948 8.025649
3.498910 8.005832
3.498875 7.986031
3.498842 7.966249
3.498812 7.946483
3.498785 7.926735
3.498762 7.907004
3.498742 7.887290
3.498726 7.867594
3.498714 7.847914
3.498706 7.828252
3.498703 7.808608
3.498705 7.788980
3.498711 7.769370
3.498722 7.749776
3.498739 7.730200
3.498761 7.710641
3.498789 7.691100
3.498823 7.671575
3.498863 7.652067
3.498910 7.632577
3.498963 7.613103
3.499023 7.593647
3.499090 7.574208
3.499164 7.554785
3.499245 7.535380
3.499334 7.515992
3.499431 7.496621
3.499536 7.477266
3.499649 7.457929
3.499771 7.438609
3.499901 7.419304
3.500040 7.399997
3.500188 7.380652
3.500345 7.361255
3.500509 7.341805
3.500681 7.322301
3.500859 7.302744
3.501043 7.283134
3.501232 7.263471
3.501425 7.243754
3.501623 7.223984
3.501823 7.204160
3.502026 7.184283
3.502231 7.164353
3.502436 7.144378
3.502539 7.134375
3.502642 7.124356
3.502745 7.114325
3.502847 7.104279
3.502950 7.094221
3.503052 7.084149
3.503153 7.074064
3.503254 7.063965
3.503354 7.053853
3.503454 7.043728
3.503553 7.033589
3.503651 7.023437
3.503748 7.013272
3.503843 7.003093
3.503938 6.992901
3.504031 6.982695
3.504123 6.972476
3.504214 6.962244
3.504302 6.951999
3.504390 6.941740
3.504475 6.931467
3.504559 6.921182
3.504640 6.910883
3.504720 6.900570
3.504797 6.890244
3.504872 6.879905
3.504945 6.869553
3.505016 6.859187
3.505083 6.848808
3.505149 6.838415
3.505211 6.828009
3.505271 6.817590
3.505327 6.807157
3.505381 6.796711
3.505432 6.786251
3.505479 6.775778
3.505523 6.765292
3.505563 6.754792
3.505600 6.744279
3.505634 6.733753
3.505663 6.723213
3.505689 6.712660
3.505711 6.702093
3.505728 6.691513
3.505742 6.680920
3.505751 6.670313
3.505756 6.659693
3.505757 6.649059
3.505753 6.638412
3.505744 6.627752
3.505730 6.617078
3.505712 6.606391
3.505688 6.595690
3.505660 6.584977
3.505626 6.574249
3.505586 6.563509
3.505542 6.552755
3.505492 6.541987
3.505436 6.531206
3.505374 6.520412
3.505307 6.509604
3.505234 6.498783
3.505154 6.487949
3.505068 6.477101
3.504976 6.466240
3.504878 6.455366
3.504773 6.444478
3.504661 6.433576
3.504543 6.422662
3.504418 6.411734
3.504285 6.400792
3.504146 6.389837
3.503999 6.378869
3.503845 6.367888
3.503684 6.356893
3.503515 6.345884
3.503339 6.334863
3.503154 6.323828
3.502962 6.312779
3.502762 6.301717
3.502553 6.290642
3.502337 6.279554
3.502112 6.268452
3.501878 6.257337
3.501636 6.246208
3.501385 6.235066
3.501125 6.223911
3.500857 6.212743
3.500579 6.201561
3.500292 6.190366
3.499996 6.179157
3.499690 6.167935
3.499375 6.156700
3.499051 6.145466
3.498718 6.134274
3.498379 6.123130
3.498034 6.112035
3.497682 6.100988
3.497324 6.089990
3.496961 6.079041
3.496593 6.068140
3.496221 6.057288
3.495844 6.046485
3.495464 6.035730
3.495080 6.025024
3.494694 6.014366
3.494305 6.003757
3.493914 5.993197
3.493521 5.982685
3.493127 5.972222
3.492732 5.961808
3.492336 5.951442
3.491940 5.941125
3.491544 5.930856
3.491149 5.920636
3.490754 5.910465
3.490360 5.900342
3.489968 5.890268
3.489579 5.880279
3.488807 5.860427
3.488046 5.840766
3.487298 5.821299
3.486566 5.802027
3.485852 5.782950
3.485159 5.764069
3.484488 5.745382
3.483842 5.726891
3.483223 5.708596
3.482632 5.690496
3.482071 5.672592
3.481543 5.654884
3.481049 5.637372
3.480590 5.620057
3.480169 5.602938
3.479786 5.586016
3.479443 5.569291
3.479141 5.552762
3.478882 5.536431
3.478667 5.520297
3.478496 5.504360
3.478372 5.488621
3.478294 5.473079
3.478264 5.457735
3.478282 5.442589
3.478349 5.427640
3.478466 5.412889
3.478633 5.398335
3.478851 5.383979
3.479120 5.369819
3.479441 5.355857
3.479813 5.342091
3.480238 5.328522
3.480714 5.315149
3.481242 5.301971
3.481823 5.288987
3.482455 5.276198
3.483140 5.263603
3.483875 5.251200
3.484663 5.238989
3.485501 5.226969
3.486390 5.215139
3.487329 5.203497
3.488318 5.192042
3.489357 5.180773
3.490444 5.169688
3.491581 5.158772
3.492773 5.147968
3.494025 5.137224
3.495338 5.126534
3.496711 5.115901
3.498145 5.105327
3.499637 5.094814
3.501188 5.084367
3.502797 5.073986
3.504463 5.063675
3.506185 5.053436
3.507963 5.043273
3.509796 5.033186
3.511682 5.023179
3.513621 5.013255
3.515613 5.003415
3.517655 4.993663
3.519747 4.983999
3.521889 4.974428
3.524078 4.964951
3.526313 4.955570
3.528594 4.946287
3.530919 4.937105
3.533287 4.928026
3.535696 4.919052
3.538145 4.910184
3.540634 4.901425
3.543159 4.892777
3.545721 4.884242
3.548316 4.875821
3.550945 4.867516
3.553605 4.859329
3.556294 4.851261
3.559012 4.843314
3.561756 4.835490
3.564524 4.827789
3.567315 4.820214
3.570128 4.812765
3.572960 4.805443
3.575809 4.798250
3.578675 4.791187
3.581560 4.784238
3.584517 4.777282
3.587610 4.770168
3.590863 4.762849
3.594278 4.755322
3.597861 4.747585
3.601614 4.739638
3.605540 4.731479
3.609643 4.723106
3.613926 4.714519
3.618391 4.705716
3.623040 4.696698
3.627877 4.687463
3.632902 4.678012
3.638118 4.668343
3.643526 4.658458
3.649128 4.648355
3.654925 4.638036
3.660918 4.627499
3.667108 4.616746
3.673494 4.605776
3.680079 4.594590
3.686861 4.583187
3.693842 4.571569
3.701020 4.559735
3.708395 4.547685
3.715968 4.535421
3.723737 4.522941
3.731701 4.510246
3.739860 4.497336
3.748212 4.484212
3.756756 4.470872
3.765491 4.457318
3.774415 4.443549
3.783526 4.429565
3.792823 4.415365
3.802304 4.400949
3.811966 4.386317
3.821807 4.371468
3.831825 4.356402
3.842013 4.341126
3.852245 4.325821
3.862297 4.310828
3.872055 4.296326
3.881516 4.282327
3.890681 4.268838
3.899551 4.255863
3.908124 4.243409
3.916398 4.231481
3.924373 4.220085
3.932044 4.209225
3.939407 4.198908
3.946457 4.189136
3.953189 4.179917
3.959597 4.171252
3.965673 4.163146
3.971409 4.155603
3.976796 4.148625
3.981825 4.142213
3.986487 4.136370
3.990769 4.131095
3.994662 4.126388
3.998153 4.122247
4.001230 4.118670
4.003880 4.115652
4.006037 4.113250
