4.055818 4.181805
4.070887 4.166504
4.086194 4.151428
4.101736 4.136576
4.117512 4.121946
4.133519 4.107536
4.149755 4.093345
4.166218 4.079371
4.182904 4.065613
4.199813 4.052068
4.216941 4.038736
4.234286 4.025614
4.251846 4.012701
4.269618 3.999995
4.287601 3.987494
4.305792 3.975198
4.324188 3.963103
4.342788 3.951210
4.361589 3.939515
4.380588 3.928017
4.399783 3.916715
4.419173 3.905607
4.438754 3.894692
4.458525 3.883967
4.478483 3.873431
4.498625 3.863082
4.518950 3.852919
4.539456 3.842941
4.560138 3.833144
4.580997 3.823529
4.602028 3.814092
4.623231 3.804833
4.644602 3.795750
4.666139 3.786841
4.687840 3.778104
4.709703 3.769538
4.731724 3.761142
4.753903 3.752913
4.776237 3.744850
4.798723 3.736951
4.821358 3.729214
4.844142 3.721639
4.867071 3.714223
4.890142 3.706965
4.913355 3.699862
4.936706 3.692914
4.960193 3.686119
4.983814 3.679474
5.007566 3.672979
5.031448 3.666632
5.055456 3.660431
5.079589 3.654374
5.103844 3.648460
5.128218 3.642687
5.152711 3.637054
5.177318 3.631558
5.202039 3.626199
5.226870 3.620974
5.251809 3.615882
5.276855 3.610921
5.302004 3.606090
5.327254 3.601387
5.352603 3.596810
5.378049 3.592357
5.403590 3.588028
5.429222 3.583820
5.454944 3.579731
5.480754 3.575761
5.506649 3.571907
5.532626 3.568167
5.558684 3.564541
5.584820 3.561026
5.611032 3.557621
5.637318 3.554323
5.663674 3.551133
5.690100 3.548047
5.716592 3.545064
5.743148 3.542183
5.769767 3.539401
5.796445 3.536718
5.823180 3.534131
5.849970 3.531640
5.876813 3.529241
5.903706 3.526934
5.930647 3.524717
5.957634 3.522588
5.984665 3.520546
6.011736 3.518589
6.038846 3.516715
6.065993 3.514922
6.093174 3.513210
6.120386 3.511576
6.147628 3.510019
6.174898 3.508537
6.202192 3.507129
6.229508 3.505792
6.256845 3.504525
6.284200 3.503327
6.311570 3.502195
6.338954 3.501129
6.366348 3.500126
6.393752 3.499185
6.421161 3.498304
6.448575 3.497482
6.475990 3.496717
6.503404 3.496007
6.530816 3.495350
6.558222 3.494746
6.585621 3.494192
6.613010 3.493686
6.640386 3.493227
6.667748 3.492814
6.695093 3.492445
6.722420 3.492117
6.749724 3.491830
6.777005 3.491582
6.804259 3.491370
6.831485 3.491194
6.858681 3.491052
6.885843 3.490942
6.912970 3.490863
6.940059 3.490812
6.967108 3.490789
6.994115 3.490791
7.021077 3.490816
7.047992 3.490865
7.074858 3.490933
7.101672 3.491021
7.128433 3.491126
7.155137 3.491246
7.181782 3.491381
7.208367 3.491527
7.234888 3.491685
7.261344 3.491851
7.287732 3.492025
7.314050 3.492205
7.340297 3.492389
7.366473 3.492577
7.392581 3.492771
7.418620 3.492968
7.444592 3.493169
7.470497 3.493374
7.496337 3.493583
7.522112 3.493796
7.547824 3.494012
7.573473 3.494231
7.599060 3.494453
7.624586 3.494678
7.650053 3.494906
7.675461 3.495137
7.700810 3.495369
7.726103 3.495605
7.751339 3.495842
7.776521 3.496082
7.801648 3.496323
7.826722 3.496566
7.851744 3.496810
7.876714 3.497056
7.901634 3.497303
7.926504 3.497551
7.951326 3.497800
7.976100 3.498049
8.000827 3.498299
8.025509 3.498550
8.050145 3.498801
8.074738 3.499051
8.099288 3.499302
8.123796 3.499553
8.148263 3.499803
8.172690 3.500052
8.197078 3.500301
8.221427 3.500549
8.245740 3.500796
8.270015 3.501042
8.294256 3.501287
8.318462 3.501530
8.342634 3.501771
8.366774 3.502011
8.390882 3.502248
8.414960 3.502483
8.439007 3.502717
8.463026 3.502947
8.487017 3.503175
8.510981 3.503401
8.534919 3.503623
8.558832 3.503842
8.582721 3.504059
8.606587 3.504271
8.630430 3.504480
8.654252 3.504686
8.678054 3.504887
8.701836 3.505085
8.725600 3.505278
8.749347 3.505467
8.773076 3.505652
8.796790 3.505832
8.820490 3.506007
8.844175 3.506177
8.867848 3.506341
8.891508 3.506501
8.915158 3.506655
8.938798 3.506804
8.962429 3.506947
8.986051 3.507084
9.009667 3.507214
9.033276 3.507339
9.056879 3.507457
9.080479 3.507569
9.104075 3.507673
9.127668 3.507771
9.151260 3.507862
9.174851 3.507946
9.198443 3.508023
9.222035 3.508092
9.245630 3.508153
9.269229 3.508206
9.292831 3.508252
9.316438 3.508289
9.340051 3.508318
9.363671 3.508339
9.387299 3.508351
9.410936 3.508354
9.434582 3.508348
9.458239 3.508333
9.481908 3.508309
9.505589 3.508276
9.529284 3.508233
9.552993 3.508180
9.576717 3.508117
9.600458 3.508045
9.624216 3.507962
9.647992 3.507869
9.671788 3.507765
9.695603 3.507651
9.719439 3.507525
9.743298 3.507389
9.767179 3.507242
9.791084 3.507083
9.815014 3.506913
9.838969 3.506732
9.862951 3.506538
9.886961 3.506333
9.910999 3.506115
9.935067 3.505885
9.959165 3.505643
9.983294 3.505388
10.007456 3.505121
10.031651 3.504841
10.055880 3.504547
10.080144 3.504241
10.104444 3.503921
10.128781 3.503587
10.153156 3.503240
10.177570 3.502879
10.202024 3.502504
10.226519 3.502115
10.251055 3.501712
10.275634 3.501294
10.300256 3.500862
10.324923 3.500415
10.349635 3.499952
10.374393 3.499476
10.399194 3.498988
10.424038 3.498490
10.448925 3.497982
10.473852 3.497467
10.498819 3.496947
10.523825 3.496423
10.548869 3.495896
10.573950 3.495370
10.599066 3.494844
10.624217 3.494321
10.649402 3.493803
10.674619 3.493291
10.699868 3.492787
10.725148 3.492292
10.750456 3.491809
10.775794 3.491339
10.801159 3.490883
10.826550 3.490443
10.851966 3.490022
10.877407 3.489620
10.902871 3.489239
10.928358 3.488882
10.953865 3.488549
10.979393 3.488242
11.004939 3.487963
11.030504 3.487714
11.056086 3.487497
11.081684 3.487312
11.107297 3.487162
11.132923 3.487049
11.158563 3.486973
11.184214 3.486937
11.209876 3.486943
11.235548 3.486992
11.261229 3.487086
11.286917 3.487226
11.312612 3.487414
11.338312 3.487652
11.364017 3.487941
11.389726 3.488284
11.415437 3.488681
11.441149 3.489135
11.466862 3.489647
11.492574 3.490219
11.518284 3.490852
11.543992 3.491549
11.569696 3.492310
11.595395 3.493138
11.621088 3.494035
11.646775 3.495001
11.672453 3.496039
11.698123 3.497150
11.723782 3.498336
11.749431 3.499598
11.775067 3.500939
11.800690 3.502360
11.826299 3.503863
11.851893 3.505448
11.877471 3.507119
11.903031 3.508877
11.928573 3.510722
11.954096 3.512658
11.979598 3.514686
12.005079 3.516807
12.030537 3.519023
12.055972 3.521335
12.081382 3.523747
12.106767 3.526258
12.132125 3.528871
12.157455 3.531587
12.182756 3.534408
12.208028 3.537337
12.233269 3.540373
12.258478 3.543520
12.283655 3.546779
12.308797 3.550151
12.333905 3.553638
12.358976 3.557243
12.384010 3.560965
12.409007 3.564808
12.433964 3.568773
12.458881 3.572861
12.483757 3.577075
12.508590 3.581415
12.533381 3.585884
12.558127 3.590483
12.582827 3.595214
12.607481 3.600079
12.632088 3.605079
12.656647 3.610216
12.681155 3.615492
12.705614 3.620907
12.730020 3.626465
12.754375 3.632167
12.778675 3.638014
12.802921 3.644008
12.827111 3.650150
12.851244 3.656443
12.875319 3.662888
12.899335 3.669487
12.923292 3.676241
12.947188 3.683152
12.971021 3.690222
12.994792 3.697452
13.018498 3.704845
13.042140 3.712401
13.065715 3.720122
13.089223 3.728011
13.112663 3.736069
13.136033 3.744297
13.159334 3.752697
13.182562 3.761271
13.205719 3.770020
13.228802 3.778947
13.251811 3.788053
13.274744 3.797339
13.297600 3.806807
13.320379 3.816459
13.343080 3.826297
13.365701 3.836322
13.388241 3.846536
13.410699 3.856940
13.433074 3.867537
13.455366 3.878327
13.477573 3.889314
13.499694 3.900497
13.521728 3.911880
13.543674 3.923463
13.565529 3.935248
13.587287 3.947234
13.608941 3.959421
13.630486 3.971808
13.651914 3.984396
13.673221 3.997184
13.694399 4.010171
13.715441 4.023358
13.736343 4.036743
13.757097 4.050327
13.777698 4.064109
13.798138 4.078089
13.818412 4.092266
13.838513 4.106641
13.858436 4.121212
13.878173 4.135980
13.897718 4.150944
13.917066 4.166104
13.936210 4.181459
13.955143 4.197010
13.973859 4.212755
13.992352 4.228694
14.010616 4.244827
14.028644 4.261155
14.046431 4.277675
14.063969 4.294389
14.081252 4.311295
14.098275 4.328394
14.115031 4.345684
14.131513 4.363167
14.147715 4.380840
14.163632 4.398705
14.179256 4.416760
14.194581 4.435005
14.209602 4.453440
14.224311 4.472065
14.238703 4.490879
14.252771 4.509882
14.266509 4.529074
14.279911 4.548454
14.292970 4.568021
14.305680 4.587776
14.318034 4.607718
14.330028 4.627848
14.341653 4.648163
14.352904 4.668665
14.363774 4.689352
14.374259 4.710225
14.384359 4.731281
14.394080 4.752517
14.403431 4.773928
14.412416 4.795513
14.421043 4.817267
14.429317 4.839187
14.437247 4.861270
14.444837 4.883512
14.452095 4.905910
14.459028 4.928461
14.465641 4.951160
14.471942 4.974005
14.477936 4.996992
14.483631 5.020118
14.489033 5.043380
14.494148 5.066773
14.498983 5.090295
14.503545 5.113942
14.507840 5.137711
14.511874 5.161598
14.515655 5.185600
14.519188 5.209714
14.522481 5.233936
14.525539 5.258262
14.528370 5.282690
14.530980 5.307216
14.533375 5.331836
14.535562 5.356548
14.537548 5.381347
14.539338 5.406230
14.540940 5.431194
14.542361 5.456236
14.543606 5.481352
14.544682 5.506538
14.545596 5.531792
14.546354 5.557109
14.546963 5.582487
14.547430 5.607922
14.547760 5.633411
14.547961 5.658949
14.548039 5.684535
14.548000 5.710164
14.547852 5.735833
14.547600 5.761538
14.547251 5.787277
14.546812 5.813045
14.546289 5.838840
14.545689 5.864658
14.545019 5.890495
14.544284 5.916349
14.543491 5.942215
14.542648 5.968090
14.541760 5.993972
14.540834 6.019855
14.539877 6.045738
14.538894 6.071617
14.537894 6.097488
14.536881 6.123348
14.535864 6.149193
14.534847 6.175021
14.533839 6.200827
14.532840 6.226610
14.531852 6.252372
14.530874 6.278111
14.529906 6.303828
14.528948 6.329524
14.528001 6.355198
14.527064 6.380850
14.526137 6.406482
14.525220 6.432092
14.524314 6.457682
14.523417 6.483252
14.522530 6.508801
14.521654 6.534330
14.520788 6.559839
14.519931 6.585328
14.519085 6.610798
14.518248 6.636248
14.517422 6.661680
14.516605 6.687092
14.515798 6.712486
14.515002 6.737861
14.514215 6.763218
14.513437 6.788557
14.512670 6.813878
14.511913 6.839181
14.511165 6.864467
14.510427 6.889735
14.509698 6.914987
14.508980 6.940221
14.508271 6.965439
14.507571 6.990640
14.506882 7.015825
14.506202 7.040994
14.505531 7.066147
14.504870 7.091285
14.504219 7.116406
14.503577 7.141513
14.502945 7.166605
14.502322 7.191681
14.501708 7.216743
14.501104 7.241790
14.500510 7.266824
14.499924 7.291843
14.499348 7.316848
14.498782 7.341840
14.498225 7.366818
14.497677 7.391782
14.497138 7.416734
14.496609 7.441673
14.496089 7.466599
14.495578 7.491513
14.495076 7.516414
14.494583 7.541304
14.494100 7.566181
14.493625 7.591047
14.493160 7.615902
14.492704 7.640745
14.492257 7.665577
14.491819 7.690398
14.491390 7.715209
14.490969 7.740009
14.490558 7.764799
14.490156 7.789579
14.489763 7.814349
14.489378 7.839110
14.489003 7.863861
14.488636 7.888602
14.488278 7.913335
14.487929 7.938059
14.487589 7.962774
14.487257 7.987481
14.486934 8.012179
14.486620 8.036870
14.486315 8.061552
14.486018 8.086228
14.485730 8.110895
14.485451 8.135556
14.485180 8.160209
14.484918 8.184855
14.484664 8.209495
14.484419 8.234129
14.484182 8.258756
14.483954 8.283377
14.483734 8.307993
14.483523 8.332603
14.483320 8.357207
14.483126 8.381806
14.482940 8.406400
14.482762 8.430990
14.482593 8.455575
14.482432 8.480155
14.482279 8.504731
14.482134 8.529303
14.481998 8.553872
14.481870 8.578436
14.481750 8.602998
14.481639 8.627556
14.481535 8.652111
14.481440 8.676663
14.481353 8.701213
14.481274 8.725761
14.481202 8.750306
14.481139 8.774849
14.481084 8.799390
14.481037 8.823930
14.480998 8.848469
14.480967 8.873006
14.480944 8.897542
14.480929 8.922078
14.480922 8.946613
14.480922 8.971147
14.480931 8.995681
14.480947 9.020216
14.480971 9.044750
14.481003 9.069285
14.481042 9.093821
14.481090 9.118357
14.481145 9.142895
14.481207 9.167434
14.481278 9.191974
14.481356 9.216516
14.481441 9.241059
14.481534 9.265605
14.481635 9.290153
14.481744 9.314703
14.481859 9.339256
14.481983 9.363812
14.482114 9.388371
14.482252 9.412933
14.482398 9.437499
14.482551 9.462068
14.482712 9.486641
14.482880 9.511218
14.483055 9.535800
14.483238 9.560386
14.483428 9.584976
14.483625 9.609571
14.483829 9.634172
14.484041 9.658778
14.484260 9.683389
14.484486 9.708006
14.484720 9.732628
14.484960 9.757257
14.485208 9.781892
14.485463 9.806533
14.485724 9.831182
14.485993 9.855837
14.486269 9.880499
14.486552 9.905168
14.486842 9.929845
14.487139 9.954529
14.487443 9.979222
14.487754 10.003922
14.488072 10.028631
14.488396 10.053348
14.488728 10.078074
14.489066 10.102809
14.489411 10.127553
14.489763 10.152306
14.490122 10.177069
14.490487 10.201841
14.490859 10.226624
14.491238 10.251416
14.491624 10.276219
14.492016 10.301032
14.492415 10.325856
14.492820 10.350690
14.493232 10.375536
14.493651 10.400393
14.494076 10.425262
14.494508 10.450142
14.494946 10.475035
14.495391 10.499939
14.495842 10.524856
14.496300 10.549785
14.496764 10.574727
14.497234 10.599682
14.497711 10.624650
14.498194 10.649631
14.498684 10.674626
14.499180 10.699634
14.499682 10.724657
14.500190 10.749693
14.500705 10.774744
14.501225 10.799810
14.501752 10.824890
14.502286 10.849985
14.502825 10.875095
14.503370 10.900221
14.503922 10.925362
14.504480 10.950518
14.505043 10.975691
14.505613 11.000880
14.506189 11.026085
14.506770 11.051307
14.507358 11.076545
14.507952 11.101801
14.508551 11.127073
14.509157 11.152363
14.509768 11.177671
14.510385 11.202996
14.511009 11.228339
14.511637 11.253700
14.512272 11.279080
14.512913 11.304478
14.513559 11.329895
14.514211 11.355331
14.514868 11.380786
14.515532 11.406261
14.516200 11.431755
14.516875 11.457268
14.517555 11.482802
14.518241 11.508356
14.518932 11.533930
14.519629 11.559525
14.520332 11.585141
14.521040 11.610777
14.521753 11.636435
14.522472 11.662114
14.523196 11.687815
14.523926 11.713537
14.524661 11.739282
14.525402 11.765048
14.526147 11.790837
14.526899 11.816649
14.527655 11.842483
14.528417 11.868341
14.529184 11.894221
14.529956 11.920125
14.530733 11.946053
14.531516 11.972004
14.532304 11.997979
14.533097 12.023979
14.533895 12.050003
14.534698 12.076051
14.535506 12.102124
14.536320 12.128223
14.537138 12.154346
14.537960 12.180494
14.538777 12.206658
14.539578 12.232827
14.540349 12.258989
14.541080 12.285133
14.541758 12.311248
14.542371 12.337322
14.542907 12.363345
14.543354 12.389304
14.543700 12.415189
14.543933 12.440988
14.544041 12.466689
14.544013 12.492282
14.543835 12.517755
14.543496 12.543097
14.542985 12.568296
14.542288 12.593341
14.541395 12.618221
14.540292 12.642925
14.538968 12.667440
14.537412 12.691756
14.535610 12.715862
14.533551 12.739745
14.531224 12.763396
14.528615 12.786801
14.525713 12.809951
14.522506 12.832833
14.518982 12.855437
14.515129 12.877751
14.510935 12.899763
14.506388 12.921463
14.501475 12.942839
14.496186 12.963879
14.490508 12.984573
14.484428 13.004909
14.477935 13.024875
14.471017 13.044461
14.463662 13.063655
14.455858 13.082446
14.447592 13.100822
14.438854 13.118771
14.429630 13.136284
14.419909 13.153348
14.409679 13.169951
14.398928 13.186084
14.387643 13.201733
14.375813 13.216889
14.363426 13.231539
14.350470 13.245673
14.336936 13.259282
14.322829 13.272371
14.308163 13.284952
14.292949 13.297036
14.277197 13.308633
14.260920 13.319755
14.244130 13.330412
14.226837 13.340615
14.209053 13.350374
14.190790 13.359701
14.172059 13.368606
14.152872 13.377101
14.133241 13.385196
14.113177 13.392901
14.092691 13.400228
14.071795 13.407188
14.050501 13.413791
14.028821 13.420049
14.006764 13.425971
13.984345 13.431569
13.961573 13.436854
13.938460 13.441836
13.915018 13.446526
13.891259 13.450936
13.867194 13.455075
13.842835 13.458955
13.818192 13.462587
13.793278 13.465981
13.768105 13.469148
13.742683 13.472100
13.717025 13.474846
13.691141 13.477398
13.665044 13.479766
13.638745 13.481962
13.612255 13.483996
13.585587 13.485879
13.558751 13.487621
13.531759 13.489235
13.504623 13.490729
13.477354 13.492116
13.449964 13.493406
13.422465 13.494610
13.394867 13.495739
13.367183 13.496803
13.339424 13.497814
13.311601 13.498782
13.283726 13.499717
13.255811 13.500632
13.227868 13.501536
13.199907 13.502441
13.171940 13.503357
13.143979 13.504296
13.116036 13.505267
13.088122 13.506282
13.060248 13.507352
13.032426 13.508487
13.004668 13.509698
12.976984 13.510996
12.949383 13.512379
12.921869 13.513834
12.894445 13.515350
12.867115 13.516912
12.839883 13.518509
12.812753 13.520127
12.785728 13.521753
12.758813 13.523375
12.732011 13.524980
12.705325 13.526555
12.678761 13.528088
12.652322 13.529564
12.626011 13.530973
12.599832 13.532300
12.573790 13.533533
12.547887 13.534660
12.522128 13.535667
12.496517 13.536541
12.471058 13.537270
12.445753 13.537841
12.420608 13.538240
12.395626 13.538457
12.370810 13.538476
12.346165 13.538286
12.321695 13.537874
12.297402 13.537227
12.273292 13.536332
12.249368 13.535176
12.225633 13.533747
12.202092 13.532032
12.178748 13.530017
12.155605 13.527690
12.132667 13.525039
12.109938 13.522050
12.087422 13.518710
12.065122 13.515008
12.043042 13.510929
12.021187 13.506461
11.999559 13.501592
11.978163 13.496308
11.957003 13.490597
11.936082 13.484446
11.915405 13.477841
11.894974 13.470771
11.874794 13.463222
11.854869 13.455182
11.835203 13.446637
11.815799 13.437576
11.796661 13.427984
11.777793 13.417850
11.759198 13.407161
11.740878 13.395917
11.722831 13.384129
11.705054 13.371808
11.687545 13.358965
11.670302 13.345613
11.653324 13.331763
11.636608 13.317425
11.620152 13.302612
11.603955 13.287334
11.588013 13.271604
11.572326 13.255431
11.556890 13.238829
11.541705 13.221808
11.526767 13.204379
11.512075 13.186555
11.497627 13.168346
11.483421 13.149763
11.469455 13.130819
11.455726 13.111524
11.442233 13.091890
11.428973 13.071929
11.415946 13.051651
11.403147 13.031068
11.390576 13.010192
11.378231 12.989034
11.366109 12.967604
11.354208 12.945916
11.342526 12.923979
11.331062 12.901806
11.319813 12.879408
11.308777 12.856795
11.297953 12.833981
11.287337 12.810975
11.276928 12.787790
11.266725 12.764436
11.256724 12.740925
11.246924 12.717269
11.237323 12.693479
11.227919 12.669566
11.218709 12.645542
11.209693 12.621418
11.200867 12.597205
11.192229 12.572915
11.183778 12.548559
11.175512 12.524149
11.167428 12.499695
11.159525 12.475208
11.151799 12.450689
11.144248 12.426139
11.136869 12.401558
11.129659 12.376947
11.122615 12.352307
11.115735 12.327638
11.109016 12.302942
11.102455 12.278218
11.096048 12.253467
11.089795 12.228690
11.083691 12.203888
11.077733 12.179061
11.071920 12.154209
11.066248 12.129335
11.060714 12.104437
11.055315 12.079517
11.050050 12.054576
11.044914 12.029613
11.039906 12.004631
11.035022 11.979628
11.030259 11.954607
11.025616 11.929567
11.021088 11.904510
11.016673 11.879435
11.012369 11.854344
11.008172 11.829237
11.004080 11.804115
11.000090 11.778979
10.996199 11.753828
10.992405 11.728665
10.988704 11.703489
10.985093 11.678301
10.981571 11.653101
10.978134 11.627891
10.974779 11.602671
10.971503 11.577441
10.968305 11.552203
10.965180 11.526957
10.962127 11.501703
10.959141 11.476442
10.956222 11.451175
10.953365 11.425903
10.950568 11.400626
10.947828 11.375344
10.945142 11.350059
10.942508 11.324771
10.939923 11.299480
10.937383 11.274188
10.934887 11.248895
10.932431 11.223602
10.930012 11.198309
10.927629 11.173016
10.925277 11.147725
10.922954 11.122437
10.920657 11.097151
10.918384 11.071868
10.916132 11.046590
10.913898 11.021317
10.911678 10.996048
10.909471 10.970786
10.907274 10.945531
10.905083 10.920283
10.902896 10.895042
10.900710 10.869811
10.898523 10.844588
10.896331 10.819376
10.894131 10.794174
10.891922 10.768983
10.889700 10.743804
10.887461 10.718637
10.885205 10.693484
10.882927 10.668344
10.880625 10.643219
10.878296 10.618108
10.875937 10.593014
10.873546 10.567935
10.871119 10.542874
10.868655 10.517830
10.866149 10.492804
10.863600 10.467797
10.861004 10.442810
10.858358 10.417843
10.855661 10.392897
10.852909 10.367972
10.850099 10.343069
10.847228 10.318189
10.844294 10.293332
10.841294 10.268499
10.838225 10.243691
10.835084 10.218908
10.831869 10.194152
10.828576 10.169421
10.825203 10.144718
10.821748 10.120043
10.818206 10.095396
10.814576 10.070779
10.810854 10.046191
10.807039 10.021633
10.803126 9.997107
10.799114 9.972613
10.794999 9.948150
10.790779 9.923721
10.786450 9.899325
10.782011 9.874964
10.777458 9.850638
10.772788 9.826347
10.767999 9.802092
10.763087 9.777874
10.758051 9.753694
10.752887 9.729552
10.747592 9.705448
10.742164 9.681384
10.736600 9.657360
10.730897 9.633377
10.725052 9.609435
10.719062 9.585535
10.712925 9.561678
10.706638 9.537864
10.700198 9.514094
10.693602 9.490368
10.686848 9.466688
10.679932 9.443053
10.672852 9.419465
10.665606 9.395924
10.658196 9.372432
10.650623 9.348988
10.642886 9.325594
10.634987 9.302251
10.626927 9.278960
10.618706 9.255721
10.610325 9.232536
10.601784 9.209406
10.593085 9.186330
10.584229 9.163311
10.575216 9.140349
10.566046 9.117445
10.556721 9.094600
10.547242 9.071814
10.537609 9.049089
10.527822 9.026426
10.517883 9.003825
10.507793 8.981288
10.497552 8.958815
10.487161 8.936407
10.476620 8.914065
10.465931 8.891790
10.455094 8.869583
10.444111 8.847444
10.432981 8.825375
10.421705 8.803377
10.410285 8.781450
10.398721 8.759596
10.387014 8.737814
10.375164 8.716107
10.363173 8.694475
10.351041 8.672918
10.338768 8.651439
10.326357 8.630037
10.313807 8.608713
10.301118 8.587470
10.288293 8.566306
10.275332 8.545224
10.262235 8.524224
10.249003 8.503307
10.235637 8.482474
10.222138 8.461726
10.208507 8.441063
10.194744 8.420487
10.180850 8.399999
10.166825 8.379599
10.152671 8.359289
10.138389 8.339068
10.123979 8.318939
10.109441 8.298902
10.094777 8.278957
10.079988 8.259107
10.065073 8.239351
10.050035 8.219691
10.034873 8.200127
10.019589 8.180661
10.004183 8.161293
9.988655 8.142024
9.973008 8.122855
9.957241 8.103787
9.941355 8.084821
9.925352 8.065958
9.909231 8.047199
9.892994 8.028543
9.876640 8.009994
9.860173 7.991551
9.843590 7.973215
9.826895 7.954987
9.810087 7.936868
9.793167 7.918859
9.776136 7.900961
9.758994 7.883174
9.741743 7.865500
9.724383 7.847940
9.706915 7.830494
9.689340 7.813164
9.671658 7.795949
9.653871 7.778852
9.635978 7.761872
9.617981 7.745012
9.599881 7.728271
9.581678 7.711651
9.563373 7.695152
9.544967 7.678776
9.526461 7.662524
9.507854 7.646395
9.489149 7.630392
9.470346 7.614515
9.451446 7.598764
9.432448 7.583142
9.413355 7.567648
9.394167 7.552284
9.374885 7.537050
9.355509 7.521948
9.336040 7.506978
9.316479 7.492141
9.296827 7.477438
9.277085 7.462871
9.257252 7.448439
9.237331 7.434144
9.217322 7.419986
9.197225 7.405968
9.177041 7.392088
9.156772 7.378349
9.136417 7.364752
9.115978 7.351296
9.095455 7.337984
9.074850 7.324815
9.054162 7.311791
9.033393 7.298913
9.012544 7.286182
8.991614 7.273598
8.970606 7.261163
8.949519 7.248877
8.928355 7.236741
8.907114 7.224756
8.885797 7.212923
8.864405 7.201244
8.842938 7.189718
8.821398 7.178346
8.799784 7.167130
8.778099 7.156071
8.756342 7.145169
8.734514 7.134426
8.712617 7.123841
8.690650 7.113417
8.668615 7.103153
8.646513 7.093052
8.624343 7.083113
8.602108 7.073337
8.579807 7.063727
8.557442 7.054282
8.535013 7.045003
8.512521 7.035891
8.489966 7.026947
8.467351 7.018173
8.444674 7.009568
8.421938 7.001134
8.399142 6.992872
8.376288 6.984783
8.353376 6.976867
8.330407 6.969125
8.307382 6.961559
8.284302 6.954168
8.261167 6.946955
8.237978 6.939920
8.214736 6.933064
8.191442 6.926387
8.168097 6.919892
8.144700 6.913577
8.121253 6.907445
8.097758 6.901497
8.074213 6.895733
8.050621 6.890154
8.026982 6.884760
8.003297 6.879554
7.979566 6.874536
7.955790 6.869706
7.931971 6.865066
7.908108 6.860617
7.884204 6.856359
7.860257 6.852293
7.836269 6.848420
7.812242 6.844741
7.788175 6.841258
7.764069 6.837970
7.739926 6.834879
7.715746 6.831984
7.691531 6.829285
7.667283 6.826781
7.643002 6.824472
7.618690 6.822356
7.594349 6.820434
7.569979 6.818704
7.545583 6.817166
7.521162 6.815820
7.496717 6.814665
7.472249 6.813700
7.447760 6.812924
7.423252 6.812338
7.398725 6.811940
7.374181 6.811730
7.349622 6.811707
7.325048 6.811870
7.300462 6.812220
7.275864 6.812755
7.251257 6.813475
7.226641 6.814379
7.202018 6.815466
7.177389 6.816737
7.152756 6.818189
7.128120 6.819824
7.103482 6.821639
7.078845 6.823636
7.054208 6.825812
7.029574 6.828167
7.004945 6.830701
6.980320 6.833414
6.955703 6.836303
6.931094 6.839370
6.906494 6.842613
6.881906 6.846031
6.857329 6.849625
6.832767 6.853393
6.808220 6.857335
6.783690 6.861450
6.759178 6.865738
6.734685 6.870198
6.710213 6.874829
6.685763 6.879631
6.661337 6.884603
6.636936 6.889745
6.612561 6.895056
6.588214 6.900535
6.563896 6.906182
6.539609 6.911997
6.515354 6.917977
6.491132 6.924124
6.466946 6.930436
6.442795 6.936913
6.418682 6.943554
6.394608 6.950358
6.370574 6.957326
6.346583 6.964456
6.322634 6.971747
6.298730 6.979200
6.274872 6.986813
6.251061 6.994586
6.227300 7.002518
6.203588 7.010609
6.179928 7.018858
6.156321 7.027264
6.132768 7.035827
6.109271 7.044547
6.085832 7.053422
6.062451 7.062452
6.039129 7.071637
6.015870 7.080975
5.992673 7.090467
5.969540 7.100111
5.946473 7.109908
5.923472 7.119855
5.900540 7.129954
5.877678 7.140202
5.854887 7.150601
5.832169 7.161148
5.809524 7.171843
5.786955 7.182687
5.764463 7.193677
5.742049 7.204814
5.719714 7.216097
5.697460 7.227525
5.675289 7.239098
5.653201 7.250815
5.631199 7.262675
5.609283 7.274679
5.587455 7.286824
5.565716 7.299112
5.544068 7.311540
5.522513 7.324109
5.501050 7.336818
5.479683 7.349666
5.458412 7.362653
5.437239 7.375777
5.416165 7.389039
5.395191 7.402438
5.374319 7.415974
5.353551 7.429644
5.332887 7.443450
5.312330 7.457390
5.291879 7.471464
5.271538 7.485671
5.251307 7.500011
5.231188 7.514483
5.211182 7.529086
5.191291 7.543820
5.171515 7.558684
5.151857 7.573677
5.132317 7.588800
5.112897 7.604050
5.093599 7.619429
5.074424 7.634934
5.055373 7.650566
5.036448 7.666324
5.017650 7.682208
4.998980 7.698216
4.980441 7.714348
4.962032 7.730603
4.943756 7.746982
4.925614 7.763482
4.907608 7.780104
4.889739 7.796848
4.872008 7.813711
4.854416 7.830695
4.836966 7.847798
4.819658 7.865019
4.802494 7.882359
4.785475 7.899815
4.768603 7.917389
4.751879 7.935079
4.735304 7.952884
4.718880 7.970805
4.702609 7.988839
4.686491 8.006988
4.670528 8.025249
4.654721 8.043624
4.639073 8.062110
4.623583 8.080707
4.608255 8.099415
4.593088 8.118233
4.578085 8.137161
4.563246 8.156198
4.548574 8.175343
4.534069 8.194595
4.519734 8.213955
4.505569 8.233421
4.491575 8.252994
4.477755 8.272671
4.464110 8.292453
4.450640 8.312339
4.437348 8.332328
4.424235 8.352421
4.411302 8.372615
4.398551 8.392911
4.385982 8.413308
4.373598 8.433806
4.361400 8.454403
4.349389 8.475100
4.337567 8.495895
4.325934 8.516788
4.314493 8.537779
4.303245 8.558866
4.292191 8.580049
4.281332 8.601328
4.270671 8.622702
4.260208 8.644170
4.249944 8.665732
4.239882 8.687387
4.230022 8.709135
4.220363 8.730974
4.210902 8.752904
4.201640 8.774923
4.192573 8.797031
4.183700 8.819227
4.175020 8.841509
4.166532 8.863878
4.158233 8.886331
4.150121 8.908869
4.142196 8.931489
4.134456 8.954192
4.126899 8.976976
4.119524 8.999840
4.112328 9.022783
4.105311 9.045805
4.098470 9.068904
4.091805 9.092079
4.085313 9.115330
4.078993 9.138656
4.072844 9.162055
4.066863 9.185527
4.061049 9.209071
4.055400 9.232685
4.049916 9.256369
4.044594 9.280123
4.039433 9.303944
4.034430 9.327832
4.029586 9.351786
4.024897 9.375806
4.020362 9.399890
4.015980 9.424037
4.011750 9.448246
4.007668 9.472516
4.003735 9.496847
3.999948 9.521238
3.996306 9.545687
3.992807 9.570194
3.989449 9.594757
3.986231 9.619376
3.983152 9.644050
3.980209 9.668778
3.977401 9.693558
3.974727 9.718391
3.972184 9.743274
3.969772 9.768208
3.967489 9.793190
3.965333 9.818221
3.963302 9.843299
3.961395 9.868424
3.959611 9.893594
3.957947 9.918808
3.956402 9.944065
3.954974 9.969365
3.953663 9.994707
3.952466 10.020089
3.951381 10.045511
3.950408 10.070972
3.949544 10.096471
3.948788 10.122006
3.948138 10.147577
3.947593 10.173184
3.947151 10.198824
3.946810 10.224497
3.946570 10.250203
3.946427 10.275940
3.946382 10.301707
3.946431 10.327503
3.946574 10.353328
3.946808 10.379180
3.947133 10.405058
3.947547 10.430963
3.948048 10.456891
3.948634 10.482844
3.949304 10.508819
3.950056 10.534816
3.950889 10.560834
3.951801 10.586871
3.952790 10.612928
3.953856 10.639003
3.954995 10.665094
3.956207 10.691202
3.957491 10.717325
3.958843 10.743462
3.960264 10.769613
3.961751 10.795775
3.963302 10.821950
3.964917 10.848134
3.966593 10.874329
3.968329 10.900531
3.970123 10.926742
3.971973 10.952959
3.973879 10.979182
3.975838 11.005409
3.977849 11.031641
3.979911 11.057875
3.982021 11.084112
3.984178 11.110349
3.986380 11.136587
3.988626 11.162823
3.990915 11.189058
3.993244 11.215290
3.995612 11.241519
3.998018 11.267743
4.000459 11.293961
4.002935 11.320173
4.005443 11.346377
4.007982 11.372573
4.010551 11.398760
4.013147 11.424936
4.015770 11.451101
4.018418 11.477254
4.021088 11.503394
4.023780 11.529519
4.026492 11.555630
4.029222 11.581725
4.031968 11.607803
4.034730 11.633863
4.037505 11.659904
4.040291 11.685926
4.043088 11.711927
4.045894 11.737906
4.048707 11.763863
4.051525 11.789797
4.054347 11.815706
4.057171 11.841589
4.059995 11.867447
4.062819 11.893277
4.065640 11.919078
4.068457 11.944851
4.071268 11.970594
4.074072 11.996305
4.076867 12.021985
4.079651 12.047632
4.082423 12.073244
4.085180 12.098821
4.087918 12.124358
4.090633 12.149851
4.093320 12.175295
4.095974 12.200686
4.098592 12.226020
4.101170 12.251292
4.103702 12.276500
4.106184 12.301637
4.108612 12.326700
4.110981 12.351684
4.113288 12.376586
4.115527 12.401402
4.117695 12.426126
4.119787 12.450754
4.121798 12.475283
4.123724 12.499708
4.125562 12.524024
4.127305 12.548229
4.128951 12.572316
4.130494 12.596282
4.131931 12.620124
4.133256 12.643835
4.134466 12.667413
4.135556 12.690853
4.136522 12.714150
4.137359 12.737301
4.138063 12.760302
4.138630 12.783147
4.139054 12.805832
4.139333 12.828355
4.139461 12.850709
4.139434 12.872891
4.139247 12.894897
4.138897 12.916722
4.138378 12.938362
4.137687 12.959813
4.136819 12.981071
4.135770 13.002131
4.134535 13.022989
4.133110 13.043641
4.131491 13.064082
4.129672 13.084309
4.127651 13.104316
4.125421 13.124101
4.122980 13.143657
4.120322 13.162983
4.117444 13.182072
4.114340 13.200920
4.111007 13.219525
4.107440 13.237880
4.103634 13.255982
4.099586 13.273827
4.095290 13.291411
4.090744 13.308728
4.085941 13.325776
4.080877 13.342546
4.075519 13.358972
4.069808 13.374921
4.063683 13.390261
4.057083 13.404858
4.049948 13.418578
4.042215 13.431286
4.033826 13.442851
4.024718 13.453136
4.014831 13.462010
4.004105 13.469339
3.992477 13.474987
3.979888 13.478823
3.966285 13.480722
3.951721 13.480693
3.936314 13.478825
3.920185 13.475211
3.903454 13.469943
3.886241 13.463112
3.868666 13.454811
3.850850 13.445132
3.832913 13.434167
3.814975 13.422009
3.797157 13.408748
3.779578 13.394477
3.762359 13.379289
3.745621 13.363275
3.729483 13.346528
3.714064 13.329138
3.699420 13.311167
3.685532 13.292637
3.672374 13.273569
3.659924 13.253986
3.648156 13.233907
3.637045 13.213355
3.626568 13.192349
3.616701 13.170911
3.607418 13.149062
3.598695 13.126823
3.590508 13.104215
3.582832 13.081260
3.575643 13.057977
3.568917 13.034389
3.562630 13.010517
3.556756 12.986380
3.551271 12.962002
3.546152 12.937401
3.541372 12.912600
3.536910 12.887620
3.532739 12.862481
3.528835 12.837206
3.525174 12.811813
3.521732 12.786326
3.518484 12.760765
3.515405 12.735150
3.512472 12.709503
3.509660 12.683846
3.506950 12.658193
3.504340 12.632546
3.501828 12.606906
3.499412 12.581273
3.497091 12.555646
3.494865 12.530026
3.492731 12.504413
3.490689 12.478806
3.488738 12.453207
3.486875 12.427615
3.485100 12.402029
3.483411 12.376451
3.481808 12.350880
3.480288 12.325316
3.478851 12.299759
3.477495 12.274210
3.476219 12.248668
3.475022 12.223133
3.473902 12.197606
3.472859 12.172086
3.471890 12.146574
3.470995 12.121070
3.470173 12.095573
3.469421 12.070085
3.468739 12.044604
3.468126 12.019130
3.467580 11.993665
3.467100 11.968208
3.466685 11.942759
3.466333 11.917318
3.466043 11.891885
3.465814 11.866460
3.465645 11.841044
3.465533 11.815636
3.465479 11.790236
3.465481 11.764845
3.465537 11.739462
3.465646 11.714088
3.465807 11.688723
3.466019 11.663366
3.466280 11.638018
3.466589 11.612679
3.466945 11.587348
3.467346 11.562027
3.467792 11.536714
3.468280 11.511411
3.468810 11.486116
3.469381 11.460831
3.469990 11.435555
3.470638 11.410288
3.471322 11.385030
3.472041 11.359782
3.472794 11.334543
3.473580 11.309314
3.474398 11.284094
3.475245 11.258884
3.476122 11.233684
3.477026 11.208493
3.477956 11.183312
3.478911 11.158141
3.479890 11.132979
3.480892 11.107828
3.481915 11.082686
3.482958 11.057555
3.484019 11.032434
3.485098 11.007322
3.486193 10.982222
3.487302 10.957131
3.488425 10.932051
3.489561 10.906981
3.490707 10.881921
3.491863 10.856872
3.493028 10.831834
3.494199 10.806806
3.495377 10.781789
3.496559 10.756783
3.497744 10.731787
3.498932 10.706802
3.500120 10.681828
3.501308 10.656865
3.502494 10.631913
3.503676 10.606973
3.504855 10.582043
3.506027 10.557124
3.507193 10.532217
3.508351 10.507321
3.509499 10.482437
3.510636 10.457563
3.511761 10.432702
3.512873 10.407852
3.513971 10.383013
3.515052 10.358186
3.516117 10.333371
3.517163 10.308567
3.518189 10.283776
3.519194 10.258996
3.520177 10.234228
3.521136 10.209472
3.522071 10.184728
3.522979 10.159996
3.523860 10.135277
3.524713 10.110569
3.525535 10.085874
3.526327 10.061191
3.527085 10.036521
3.527810 10.011863
3.528500 9.987217
3.529154 9.962584
3.529770 9.937964
3.530347 9.913356
3.530884 9.888761
3.531379 9.864179
3.531832 9.839610
3.532242 9.815053
3.532609 9.790509
3.532935 9.765976
3.533219 9.741455
3.533462 9.716946
3.533666 9.692447
3.533830 9.667959
3.533955 9.643480
3.534042 9.619012
3.534091 9.594552
3.534104 9.570102
3.534080 9.545660
3.534020 9.521227
3.533926 9.496801
3.533796 9.472383
3.533633 9.447971
3.533437 9.423567
3.533208 9.399169
3.532947 9.374777
3.532654 9.350390
3.532331 9.326009
3.531977 9.301632
3.531594 9.277260
3.531182 9.252892
3.530742 9.228528
3.530273 9.204167
3.529778 9.179809
3.529256 9.155454
3.528709 9.131100
3.528135 9.106749
3.527538 9.082399
3.526916 9.058051
3.526271 9.033703
3.525603 9.009355
3.524912 8.985007
3.524201 8.960659
3.523468 8.936311
3.522714 8.911961
3.521941 8.887609
3.521149 8.863256
3.520339 8.838900
3.519510 8.814542
3.518664 8.790181
3.517802 8.765816
3.516923 8.741448
3.516029 8.717075
3.515120 8.692698
3.514197 8.668316
3.513260 8.643929
3.512310 8.619536
3.511348 8.595137
3.510374 8.570732
3.509389 8.546320
3.508393 8.521901
3.507388 8.497475
3.506373 8.473040
3.505349 8.448598
3.504317 8.424146
3.503278 8.399686
3.502232 8.375216
3.501180 8.350737
3.500122 8.326247
3.499059 8.301748
3.497992 8.277237
3.496921 8.252715
3.495846 8.228181
3.494770 8.203635
3.493691 8.179077
3.492611 8.154507
3.491530 8.129923
3.490449 8.105325
3.489369 8.080714
3.488289 8.056089
3.487212 8.031449
3.486137 8.006794
3.485064 7.982124
3.483996 7.957438
3.482931 7.932735
3.481872 7.908017
3.480817 7.883281
3.479769 7.858529
3.478728 7.833759
3.477694 7.808970
3.476667 7.784164
3.475649 7.759339
3.474641 7.734494
3.473642 7.709630
3.472653 7.684747
3.471675 7.659843
3.470709 7.634919
3.469755 7.609973
3.468814 7.585007
3.467887 7.560018
3.466973 7.535008
3.466074 7.509975
3.465190 7.484919
3.464322 7.459840
3.463471 7.434738
3.462636 7.409611
3.461820 7.384461
3.461021 7.359285
3.460242 7.334085
3.459482 7.308859
3.458743 7.283607
3.458024 7.258329
3.457326 7.233024
3.456651 7.207693
3.455998 7.182334
3.455369 7.156948
3.454763 7.131533
3.454182 7.106090
3.453626 7.080619
3.453095 7.055118
3.452591 7.029587
3.452114 7.004027
3.451664 6.978436
3.451243 6.952815
3.450850 6.927163
3.450487 6.901479
3.450154 6.875763
3.449851 6.850016
3.449580 6.824235
3.449340 6.798422
3.449133 6.772576
3.448959 6.746695
3.448818 6.720781
3.448712 6.694833
3.448642 6.668851
3.448609 6.642838
3.448615 6.616796
3.448662 6.590729
3.448753 6.564637
3.448888 6.538524
3.449071 6.512392
3.449301 6.486243
3.449583 6.460080
3.449917 6.433905
3.450305 6.407720
3.450750 6.381529
3.451253 6.355332
3.451815 6.329134
3.452440 6.302935
3.453128 6.276739
3.453882 6.250547
3.454703 6.224363
3.455594 6.198189
3.456556 6.172026
3.457591 6.145878
3.458701 6.119746
3.459888 6.093634
3.461154 6.067543
3.462500 6.041477
3.463929 6.015436
3.465443 5.989424
3.467042 5.963444
3.468730 5.937497
3.470508 5.911585
3.472378 5.885712
3.474341 5.859880
3.476400 5.834091
3.478557 5.808347
3.480813 5.782651
3.483171 5.757005
3.485632 5.731412
3.488198 5.705873
3.490870 5.680392
3.493652 5.654971
3.496544 5.629612
3.499549 5.604318
3.502669 5.579091
3.505904 5.553932
3.509258 5.528846
3.512732 5.503834
3.516329 5.478898
3.520048 5.454041
3.523894 5.429265
3.527867 5.404573
3.531970 5.379967
3.536204 5.355450
3.540572 5.331023
3.545075 5.306690
3.549714 5.282452
3.554493 5.258312
3.559412 5.234273
3.564474 5.210336
3.569680 5.186504
3.575033 5.162780
3.580535 5.139166
3.586186 5.115665
3.591989 5.092278
3.597947 5.069008
3.604060 5.045857
3.610331 5.022829
3.616761 4.999925
3.623353 4.977147
3.630108 4.954498
3.637029 4.931981
3.644116 4.909598
3.651373 4.887351
3.658800 4.865243
3.666400 4.843275
3.674175 4.821451
3.682126 4.799773
3.690255 4.778243
3.698565 4.756863
3.707057 4.735636
3.715733 4.714565
3.724594 4.693652
3.733644 4.672898
3.742883 4.652307
3.752314 4.631881
3.761938 4.611622
3.771757 4.591533
3.781773 4.571616
3.791989 4.551873
3.802405 4.532308
3.813024 4.512921
3.823848 4.493716
3.834879 4.474695
3.846117 4.455860
3.857567 4.437215
3.869228 4.418760
3.881103 4.400499
3.893195 4.382434
3.905504 4.364567
3.918033 4.346901
3.930783 4.329438
3.943757 4.312180
3.956956 4.295131
3.970382 4.278291
3.984038 4.261665
3.997924 4.245253
4.012044 4.229059
4.026398 4.213085
4.040989 4.197333
4.055818 4.181805
